S   7
  1   1000.1312000              0.0007160        
  2     62.3077550              0.0571560        
  3     43.5832070             -0.2089470        
  4     21.9188100              0.8411990        
  5     12.1795800             -1.4450590        
  6      3.1646970              1.1495110        
  7      1.6284870              0.3491380        
S   7
  1   1000.1312000             -0.0004340        
  2     62.3077550             -0.0239700        
  3     43.5832070              0.0963470        
  4     21.9188100             -0.4551540        
  5     12.1795800              0.8747620        
  6      3.1646970             -1.1514680        
  7      1.6284870             -0.3161580        
S   7
  1   1000.1312000             -0.0001300        
  2     62.3077550             -0.0067790        
  3     43.5832070              0.0276880        
  4     21.9188100             -0.1341420        
  5     12.1795800              0.2624010        
  6      3.1646970             -0.3739470        
  7      1.6284870             -0.1157300        
S   1
  1      0.7098630              1.0000000        
S   1
  1      0.3248240              1.0000000        
S   1
  1      0.0744320              1.0000000        
S   1
  1      0.0299090              1.0000000        
S   1
  1      0.0050000              1.0000000        
P   6
  1    768.9059700             -0.0020090        
  2    140.8458100             -0.0161210        
  3     32.9380810             -0.0484820        
  4      6.0613440              2.1278730        
  5      5.4935050             -2.2579390        
  6      2.1982260             -0.7071510        
P   6
  1    768.9059700             -0.0014770        
  2    140.8458100             -0.0128150        
  3     32.9380810             -0.0325530        
  4      6.0613440              1.4833640        
  5      5.4935050             -1.6893400        
  6      2.1982260             -0.4138320        
P   1
  1      0.8908370              1.0000000        
P   1
  1      0.4636550              1.0000000        
P   1
  1      0.2275380              1.0000000        
P   1
  1      0.0961040              1.0000000        
P   1
  1      0.0050000              1.0000000        
D   6
  1     39.6674330             -0.0106040        
  2      6.5243040              0.7199070        
  3      5.8311470             -0.9280680        
  4      2.5792230             -0.5411450        
  5      1.3020230             -0.2729210        
  6      0.6588630             -0.0490510        
D   6
  1     39.6674330             -0.0035490        
  2      6.5243040              0.2465780        
  3      5.8311470             -0.3324350        
  4      2.5792230             -0.1891280        
  5      1.3020230             -0.0286900        
  6      0.6588630              0.2081580        
D   1
  1      0.3954890              1.0000000        
D   1
  1      0.2352330              1.0000000        
D   1
  1      0.1082710              1.0000000        
D   1
  1      0.0500000              1.0000000        
F   5
  1     77.3632870              0.0018550        
  2     18.6675670              0.0223290        
  3      5.7742540              0.1613960        
  4      2.6575860              0.3896060        
  5      1.1982940              0.3995490        
F   1
  1      0.5221810              1.0000000        
F   1
  1      0.2124980              1.0000000        
F   1
  1      0.0500000              1.0000000        

