S   7
  1   1574.0475000              0.0012910        
  2    202.9041000              0.0047410        
  3     36.3576810             -0.2108880        
  4     22.5742040              1.0599600        
  5     13.5688940             -1.6021150        
  6      3.4370830              1.1297280        
  7      1.8144610              0.3606940        
S   7
  1   1574.0475000             -0.0009400        
  2    202.9041000             -0.0027580        
  3     36.3576810              0.1056330        
  4     22.5742040             -0.5843560        
  5     13.5688940              0.9716780        
  6      3.4370830             -1.1554560        
  7      1.8144610             -0.2884240        
S   7
  1   1574.0475000             -0.0002870        
  2    202.9041000             -0.0008210        
  3     36.3576810              0.0304850        
  4     22.5742040             -0.1712280        
  5     13.5688940              0.2890220        
  6      3.4370830             -0.3717670        
  7      1.8144610             -0.1049380        
S   1
  1      0.7549600              1.0000000        
S   1
  1      0.3465930              1.0000000        
S   1
  1      0.0806960              1.0000000        
S   1
  1      0.0323390              1.0000000        
S   1
  1      0.0050000              1.0000000        
P   6
  1    664.8985800             -0.0032050        
  2    172.1981600             -0.0164610        
  3     57.9488000             -0.0327960        
  4     18.1567190             -0.1028350        
  5      9.4021150              0.3559200        
  6      4.5569430             -0.4521250        
P   6
  1    664.8985800             -0.0026970        
  2    172.1981600             -0.0132290        
  3     57.9488000             -0.0297340        
  4     18.1567190             -0.0556150        
  5      9.4021150              0.1947610        
  6      4.5569430             -0.4217750        
P   1
  1      2.2945720              1.0000000        
P   1
  1      0.9127430              1.0000000        
P   1
  1      0.4307510              1.0000000        
P   1
  1      0.1753430              1.0000000        
P   1
  1      0.0050000              1.0000000        
D   6
  1    149.0714900             -0.0022970        
  2     38.8881550             -0.0173380        
  3      3.8039540             -0.5797300        
  4      1.7054770             -0.4534940        
  5      1.0241390              0.0811950        
  6      0.8178390             -0.1389030        
D   6
  1    149.0714900             -0.0006860        
  2     38.8881550             -0.0059220        
  3      3.8039540             -0.2129760        
  4      1.7054770             -0.0331320        
  5      1.0241390             -0.2268240        
  6      0.8178390              0.4071660        
D   1
  1      0.2938490              1.0000000        
D   1
  1      0.1164010              1.0000000        
D   1
  1      0.0440560              1.0000000        
D   1
  1      0.0050000              1.0000000        
F   5
  1     47.8446720              0.0066390        
  2     16.2626250              0.0398250        
  3      6.1137840              0.1881010        
  4      2.8835320              0.3901810        
  5      1.3247490              0.3861940        
F   1
  1      0.5752130              1.0000000        
F   1
  1      0.2226530              1.0000000        
F   1
  1      0.0050000              1.0000000        

