S   7
  1    658.1933200              0.0003390        
  2    126.1414500              0.0043460        
  3     35.2623720             -0.5836920        
  4     27.5784430              1.2496800        
  5     13.8876110             -1.4277890        
  6      3.6188820              1.1311520        
  7      1.8612300              0.3654090        
S   7
  1    658.1933200             -0.0002890        
  2    126.1414500             -0.0015150        
  3     35.2623720              0.2981950        
  4     27.5784430             -0.6697220        
  5     13.8876110              0.8650140        
  6      3.6188820             -1.1277180        
  7      1.8612300             -0.3291180        
S   7
  1    658.1933200             -0.0000860        
  2    126.1414500             -0.0004070        
  3     35.2623720              0.0859760        
  4     27.5784430             -0.1944570        
  5     13.8876110              0.2557450        
  6      3.6188820             -0.3573290        
  7      1.8612300             -0.1236040        
S   1
  1      0.8064390              1.0000000        
S   1
  1      0.3656090              1.0000000        
S   1
  1      0.0827970              1.0000000        
S   1
  1      0.0331700              1.0000000        
S   1
  1      0.0050000              1.0000000        
P   6
  1   1240.2831000             -0.0027720        
  2    294.3207800             -0.0198540        
  3     93.1567900             -0.0607420        
  4     30.4657690             -0.0979510        
  5      5.7999470              0.7730290        
  6      4.5703300             -1.0243860        
P   6
  1   1240.2831000             -0.0033250        
  2    294.3207800             -0.0230160        
  3     93.1567900             -0.0748220        
  4     30.4657690             -0.1044700        
  5      5.7999470              0.3716790        
  6      4.5703300             -0.7432980        
P   1
  1      1.9876320              1.0000000        
P   1
  1      0.8506310              1.0000000        
P   1
  1      0.3852170              1.0000000        
P   1
  1      0.1563570              1.0000000        
P   1
  1      0.0050000              1.0000000        
D   6
  1    124.8161600             -0.0037850        
  2     34.5764380             -0.0217620        
  3      6.3220140              0.1373750        
  4      4.9375690             -0.5471010        
  5      2.3132900             -0.5041500        
  6      1.0768920             -0.1680350        
D   6
  1    124.8161600              0.0012210        
  2     34.5764380              0.0066830        
  3      6.3220140             -0.0191070        
  4      4.9375690              0.1544640        
  5      2.3132900              0.1448410        
  6      1.0768920             -0.1012240        
D   1
  1      0.4205030              1.0000000        
D   1
  1      0.1560400              1.0000000        
D   1
  1      0.0534710              1.0000000        
D   1
  1      0.0050000              1.0000000        
F   5
  1     57.8644230              0.0066350        
  2     19.9081400              0.0434500        
  3      7.8598850              0.1579620        
  4      3.6002720              0.3679210        
  5      1.6465610              0.4016310        
F   1
  1      0.7074210              1.0000000        
F   1
  1      0.2684740              1.0000000        
F   1
  1      0.0050000              1.0000000        

