S   10
  1   3898.5983000              0.0001397        
  2    587.5621400              0.0007252        
  3     56.2289570              0.0710783        
  4     40.1635400             -0.3791780        
  5     28.6882430              0.6405994        
  6     11.6721150             -0.9724702        
  7      3.0413330              0.9697800        
  8      1.5677130              0.4289225        
  9      0.5958300              0.0205545        
 10      0.2635530             -0.0022324        
S   10
  1   3898.5983000             -0.0000690        
  2    587.5621400             -0.0004085        
  3     56.2289570             -0.0264038        
  4     40.1635400              0.1533613        
  5     28.6882430             -0.2790924        
  6     11.6721150              0.4901745        
  7      3.0413330             -0.7006985        
  8      1.5677130             -0.5149331        
  9      0.5958300              0.7856935        
 10      0.2635530              0.6357345        
S   10
  1   3898.5983000              0.0000196        
  2    587.5621400              0.0001157        
  3     56.2289570              0.0073799        
  4     40.1635400             -0.0427548        
  5     28.6882430              0.0779625        
  6     11.6721150             -0.1388585        
  7      3.0413330              0.2111850        
  8      1.5677130              0.1634830        
  9      0.5958300             -0.3033091        
 10      0.2635530             -0.4402986        
S   1
  1      0.0206760              1.0000000        
S   1
  1      0.0489520              1.0000000        
P   8
  1    228.1454400             -0.0007743        
  2     28.7764530              0.0068490        
  3     20.3808040             -0.1958454        
  4     14.5577170              0.4169099        
  5      4.1370340             -0.5395683        
  6      2.1598480             -0.5237725        
  7      1.0180830             -0.1154538        
  8      0.5541700              0.0038796        
P   8
  1    228.1454400             -0.0003179        
  2     28.7764530             -0.0052034        
  3     20.3808040             -0.0566468        
  4     14.5577170              0.1571566        
  5      4.1370340             -0.2904912        
  6      2.1598480             -0.3005688        
  7      1.0180830              0.0831760        
  8      0.5541700              0.5241062        
P   1
  1      0.1107100              1.0000000        
P   1
  1      0.2636410              1.0000000        
P   1
  1      0.0500000              1.0000000        
D   6
  1     55.9994580              0.0046412        
  2     11.8300230             -0.1325035        
  3      8.3587160              0.2383096        
  4      3.9389130              0.4536999        
  5      2.0038390              0.3858069        
  6      1.0045770              0.1443974        
D   1
  1      0.1424300              1.0000000        
D   1
  1      0.4658530              1.0000000        
D   1
  1      0.0400000              1.0000000        
F   6
  1     65.4967110             -0.0084158        
  2     24.7369070             -0.0582477        
  3     10.4430730             -0.1614187        
  4      4.6588320             -0.2857250        
  5      2.0913040             -0.3499457        
  6      0.9193210             -0.3136248        
F   1
  1      0.3813310              1.0000000        
F   1
  1      0.1404000              1.0000000        

