S   7
  1   2284.1055000              0.0012030        
  2    348.2173600              0.0051800        
  3     35.7104130             -0.1662490        
  4     21.2385120              1.0211320        
  5     13.0272630             -1.5954780        
  6      3.2603980              1.1286570        
  7      1.7066440              0.3578400        
S   7
  1   2284.1055000             -0.0011570        
  2    348.2173600             -0.0043860        
  3     35.7104130              0.0791690        
  4     21.2385120             -0.5577310        
  5     13.0272630              0.9609730        
  6      3.2603980             -1.1527320        
  7      1.7066440             -0.2890340        
S   7
  1   2284.1055000             -0.0003740        
  2    348.2173600             -0.0014020        
  3     35.7104130              0.0226120        
  4     21.2385120             -0.1633930        
  5     13.0272630              0.2860860        
  6      3.2603980             -0.3722970        
  7      1.7066440             -0.1045490        
S   1
  1      0.7236940              1.0000000        
S   1
  1      0.3325220              1.0000000        
S   1
  1      0.0771330              1.0000000        
S   1
  1      0.0311120              1.0000000        
S   1
  1      0.0050000              1.0000000        
P   6
  1    499.6142600             -0.0041510        
  2    116.6066300             -0.0211870        
  3     29.9707930             -0.0555130        
  4      6.8534290              0.9725640        
  5      5.7350640             -1.0033270        
  6      2.5508660             -0.7089510        
P   6
  1    499.6142600             -0.0031530        
  2    116.6066300             -0.0174030        
  3     29.9707930             -0.0379120        
  4      6.8534290              0.6955950        
  5      5.7350640             -0.8435490        
  6      2.5508660             -0.4161010        
P   1
  1      1.2041380              1.0000000        
P   1
  1      0.7280850              1.0000000        
P   1
  1      0.3333030              1.0000000        
P   1
  1      0.1359650              1.0000000        
P   1
  1      0.0050000              1.0000000        
D   6
  1     41.1201490             -0.0123690        
  2      7.0261900              0.2397450        
  3      5.3451970             -0.5025980        
  4      2.5328310             -0.5267980        
  5      1.2909120             -0.2408580        
  6      0.6786300             -0.0460570        
D   6
  1     41.1201490             -0.0040090        
  2      7.0261900              0.0734500        
  3      5.3451970             -0.1753220        
  4      2.5328310             -0.1714030        
  5      1.2909120             -0.0124990        
  6      0.6786300              0.2008130        
D   1
  1      0.3267970              1.0000000        
D   1
  1      0.1413810              1.0000000        
D   1
  1      0.0544990              1.0000000        
D   1
  1      0.0100000              1.0000000        
F   5
  1     45.0494970              0.0058590        
  2     15.2564250              0.0344730        
  3      5.6392990              0.1904780        
  4      2.6785220              0.3893420        
  5      1.2395130              0.3834330        
F   1
  1      0.5460490              1.0000000        
F   1
  1      0.2190320              1.0000000        
F   1
  1      0.0500000              1.0000000        

