S   10
  1  25734.6320000              0.0005629        
  2   3883.4723000              0.0038360        
  3    886.6752800              0.0156882        
  4    246.9526600              0.0194126        
  5     24.5057020              0.8405154        
  6     17.5040730             -1.4848314        
  7      5.1112870              0.6290159        
  8      2.7049260              0.7748320        
  9      0.7076680              0.0456186        
 10      0.3184350             -0.0122163        
S   10
  1  25734.6320000              0.0010352        
  2   3883.4723000              0.0074903        
  3    886.6752800              0.0277542        
  4    246.9526600              0.0444375        
  5     24.5057020              0.4556909        
  6     17.5040730             -0.7985737        
  7      5.1112870              0.4916913        
  8      2.7049260              0.6277338        
  9      0.7076680             -0.8015329        
 10      0.3184350             -0.5133524        
S   10
  1  25734.6320000              0.0004095        
  2   3883.4723000              0.0029796        
  3    886.6752800              0.0109388        
  4    246.9526600              0.0179255        
  5     24.5057020              0.1267795        
  6     17.5040730             -0.2161124        
  7      5.1112870              0.1423054        
  8      2.7049260              0.1663949        
  9      0.7076680             -0.2831807        
 10      0.3184350             -0.3597354        
S   1
  1      0.0241800              1.0000000        
S   1
  1      0.0591980              1.0000000        
P   8
  1   1186.8750000              0.0009396        
  2    282.2865100              0.0062667        
  3     90.0592370              0.0160655        
  4     26.4261940              0.1406696        
  5     18.8758530             -0.2792975        
  6      5.7458870              0.5534647        
  7      2.8008790              0.5255952        
  8      1.0520190              0.0725404        
P   8
  1   1186.8750000             -0.0005168        
  2    282.2865100             -0.0030849        
  3     90.0592370             -0.0097817        
  4     26.4261940             -0.0474373        
  5     18.8758530              0.1017002        
  6      5.7458870             -0.3343985        
  7      2.8008790             -0.2304609        
  8      1.0520190              0.3593389        
P   1
  1      0.1942180              1.0000000        
P   1
  1      0.4773290              1.0000000        
P   1
  1      0.0800000              1.0000000        
D   6
  1    447.9219400              0.0008644        
  2    135.3896600              0.0071207        
  3     51.8389100              0.0294385        
  4     22.4759890              0.0595650        
  5      8.5694030              0.2898370        
  6      4.2917440              0.4609141        
D   1
  1      0.8881410              1.0000000        
D   1
  1      2.0642770              1.0000000        
D   1
  1      0.3800000              1.0000000        
F   6
  1    135.8452400             -0.0045793        
  2     49.2480300             -0.0435096        
  3     22.1288810             -0.1449676        
  4     10.0904100             -0.2700443        
  5      4.6007390             -0.3498123        
  6      2.0313060             -0.3263018        
F   1
  1      0.2981470              1.0000000        
F   1
  1      0.8329300              1.0000000        

