S   7
  1    569.4898400             -0.0002510        
  2    126.1414500              0.0063860        
  3     36.6929340             -1.1705770        
  4     31.3443970              1.8415260        
  5     14.6949640             -1.4426230        
  6      3.7519800              1.1592920        
  7      1.8603970              0.3436210        
S   7
  1    569.4898400              0.0000680        
  2    126.1414500             -0.0027200        
  3     36.6929340              0.6183820        
  4     31.3443970             -0.9934860        
  5     14.6949640              0.8689130        
  6      3.7519800             -1.1255970        
  7      1.8603970             -0.3592790        
S   7
  1    569.4898400              0.0000160        
  2    126.1414500             -0.0007540        
  3     36.6929340              0.1792750        
  4     31.3443970             -0.2890120        
  5     14.6949640              0.2570440        
  6      3.7519800             -0.3536640        
  7      1.8603970             -0.1462040        
S   1
  1      0.8827170              1.0000000        
S   1
  1      0.4022900              1.0000000        
S   1
  1      0.1010850              1.0000000        
S   1
  1      0.0477750              1.0000000        
S   1
  1      0.0050000              1.0000000        
P   6
  1   1225.7624000             -0.0036260        
  2    291.8689100             -0.0253370        
  3     92.9556850             -0.0747990        
  4     30.6940510             -0.1106240        
  5      5.1786030              1.2768250        
  6      4.4342190             -1.5650020        
P   6
  1   1225.7624000             -0.0049870        
  2    291.8689100             -0.0339570        
  3     92.9556850             -0.1053000        
  4     30.6940510             -0.1376940        
  5      5.1786030              0.4690360        
  6      4.4342190             -0.8650480        
P   1
  1      1.8485390              1.0000000        
P   1
  1      0.8717430              1.0000000        
P   1
  1      0.3938500              1.0000000        
P   1
  1      0.1671810              1.0000000        
P   1
  1      0.0050000              1.0000000        
D   6
  1    126.5197100             -0.0045010        
  2     35.0721820             -0.0252810        
  3      4.8152380             -0.3088350        
  4      3.8143810             -0.2260160        
  5      2.0971650             -0.4318260        
  6      0.9819680             -0.1239010        
D   6
  1    126.5197100              0.0013770        
  2     35.0721820              0.0079520        
  3      4.8152380              0.1558220        
  4      3.8143810             -0.0048850        
  5      2.0971650              0.1390770        
  6      0.9819680             -0.1665540        
D   1
  1      0.3542190              1.0000000        
D   1
  1      0.1285550              1.0000000        
D   1
  1      0.0460910              1.0000000        
D   1
  1      0.0050000              1.0000000        
F   5
  1     55.6366390              0.0097710        
  2     19.1822660              0.0608920        
  3      7.6838190              0.1947420        
  4      3.4870240              0.3840300        
  5      1.5929380              0.3808240        
F   1
  1      0.6971670              1.0000000        
F   1
  1      0.2790290              1.0000000        
F   1
  1      0.0050000              1.0000000        

