S   10
  1   3681.2327160              0.0023105        
  2    550.1113560              0.0100121        
  3     46.1355890             -0.1147891        
  4     30.7570600              0.9020113        
  5     20.5047060             -1.3843675        
  6      4.5120360              1.0292429        
  7      2.2002770              0.3458831        
  8      0.8958560              0.0115041        
  9      0.3801430             -0.0002652        
 10      0.0664790              0.0005771        
S   10
  1   3681.2327160              0.0016205        
  2    550.1113560              0.0070792        
  3     46.1355890             -0.0323117        
  4     30.7570600              0.3810697        
  5     20.5047060             -0.6535510        
  6      4.5120360              0.7547266        
  7      2.2002770              0.3999907        
  8      0.8958560             -0.7624953        
  9      0.3801430             -0.6340631        
 10      0.0664790             -0.0494769        
S   10
  1   3681.2327160              0.0004240        
  2    550.1113560              0.0018584        
  3     46.1355890             -0.0075544        
  4     30.7570600              0.0939820        
  5     20.5047060             -0.1630598        
  6      4.5120360              0.2007186        
  7      2.2002770              0.1089537        
  8      0.8958560             -0.2388951        
  9      0.3801430             -0.4007524        
 10      0.0664790              0.4034886        
S   1
  1      0.0216620              1.0000000        
S   1
  1      0.0443190              1.0000000        
P   7
  1   1817.3023890              0.0006906        
  2    433.8723000              0.0050165        
  3    140.1999780              0.0161626        
  4     44.8217270              0.0463275        
  5     15.7038740             -0.2032972        
  6      6.9506630              0.4950100        
  7      3.2975840              0.5957159        
P   7
  1   1817.3023890             -0.0003937        
  2    433.8723000             -0.0025574        
  3    140.1999780             -0.0097092        
  4     44.8217270             -0.0202422        
  5     15.7038740              0.0833318        
  6      6.9506630             -0.3034462        
  7      3.2975840             -0.2809445        
P   1
  1      0.2247700              1.0000000        
P   1
  1      0.5684650              1.0000000        
P   1
  1      1.2682820              1.0000000        
D   5
  1    470.6362190              0.0013219        
  2    142.5459810              0.0109011        
  3     54.9022810              0.0447308        
  4     23.3942190              0.1019561        
  5      9.2285830              0.2774933        
D   1
  1      0.9185010              1.0000000        
D   1
  1      2.1534080              1.0000000        
D   1
  1      4.5292370              1.0000000        
F   6
  1    150.2892920             -0.0041158        
  2     53.8477170             -0.0395507        
  3     24.1408280             -0.1464794        
  4     11.1088280             -0.2728879        
  5      5.0663900             -0.3504831        
  6      2.2281180             -0.3247201        
F   1
  1      0.3192160              1.0000000        
F   1
  1      0.9057710              1.0000000        

