S   10
  1   9690.5531000              0.0010812        
  2   1465.9717000              0.0071956        
  3    326.3855400              0.0178484        
  4     22.1103280              0.8154931        
  5     15.7321380             -1.4476349        
  6      4.4005180              0.6548957        
  7      2.4449630              0.7249839        
  8      0.6637980              0.1141644        
  9      0.4741410             -0.0828590        
 10      0.2688590              0.0174620        
S   10
  1   9690.5531000              0.0009699        
  2   1465.9717000              0.0060789        
  3    326.3855400              0.0171689        
  4     22.1103280              0.4177288        
  5     15.7321380             -0.7582004        
  6      4.4005180              0.4935072        
  7      2.4449630              0.6271692        
  8      0.6637980             -0.6404911        
  9      0.4741410             -0.2865687        
 10      0.2688590             -0.3980377        
S   10
  1   9690.5531000              0.0002873        
  2   1465.9717000              0.0017897        
  3    326.3855400              0.0051215        
  4     22.1103280              0.1118485        
  5     15.7321380             -0.2029848        
  6      4.4005180              0.1393967        
  7      2.4449630              0.1798886        
  8      0.6637980             -0.2259135        
  9      0.4741410             -0.1438323        
 10      0.2688590             -0.3052248        
S   1
  1      0.0230630              1.0000000        
S   1
  1      0.0565190              1.0000000        
P   8
  1    653.1930500              0.0010316        
  2    151.6226400              0.0058429        
  3     30.8041140              0.0585431        
  4     21.8426940             -0.0005148        
  5     15.5072550             -0.2380455        
  6      5.1125800              0.5830325        
  7      2.4792290              0.5187553        
  8      0.9810020              0.0698497        
P   8
  1    653.1930500             -0.0005147        
  2    151.6226400             -0.0028246        
  3     30.8041140             -0.0375749        
  4     21.8426940              0.0403331        
  5     15.5072550              0.0665244        
  6      5.1125800             -0.3237414        
  7      2.4792290             -0.2645098        
  8      0.9810020              0.3451163        
P   1
  1      0.1771100              1.0000000        
P   1
  1      0.4380940              1.0000000        
P   1
  1      0.0700000              1.0000000        
D   6
  1    322.2856600              0.0007906        
  2     97.3287440              0.0059671        
  3     37.0298830              0.0224388        
  4      8.8510670              0.1743289        
  5      5.0730460              0.3838155        
  6      2.7210140              0.3783027        
D   1
  1      0.6148500              1.0000000        
D   1
  1      1.3772310              1.0000000        
D   1
  1      0.2700000              1.0000000        
F   6
  1    117.0515600             -0.0042728        
  2     42.5891480             -0.0404256        
  3     19.0463360             -0.1336611        
  4      8.6871630             -0.2603962        
  5      3.9792550             -0.3489861        
  6      1.7728350             -0.3342335        
F   1
  1      0.2701950              1.0000000        
F   1
  1      0.7377760              1.0000000        

