S   7
  1   1342.5680000              0.0000260        
  2     71.7280120              0.0822670        
  3     51.7813830             -0.3287910        
  4     28.3542540              1.0576970        
  5     15.7898240             -1.5608810        
  6      3.7574600              1.2227070        
  7      1.6557160              0.2905620        
S   7
  1   1342.5680000             -0.0000190        
  2     71.7280120             -0.0388090        
  3     51.7813830              0.1649480        
  4     28.3542540             -0.5791590        
  5     15.7898240              0.9316390        
  6      3.7574600             -1.1939290        
  7      1.6557160             -0.3069160        
S   7
  1   1342.5680000             -0.0000050        
  2     71.7280120             -0.0111840        
  3     51.7813830              0.0478160        
  4     28.3542540             -0.1695250        
  5     15.7898240              0.2758540        
  6      3.7574600             -0.3783580        
  7      1.6557160             -0.1314320        
S   1
  1      0.9042190              1.0000000        
S   1
  1      0.3989770              1.0000000        
S   1
  1      0.0892940              1.0000000        
S   1
  1      0.0354630              1.0000000        
S   1
  1      0.0051000              1.0000000        
P   6
  1    610.4278800             -0.0133440        
  2    143.3444600             -0.0707280        
  3     41.1646390             -0.1305020        
  4      6.9146200             -0.7311060        
  5      5.6745470              1.9397490        
  6      4.2306310             -1.6132120        
P   6
  1    610.4278800              0.0199090        
  2    143.3444600              0.1081790        
  3     41.1646390              0.1905960        
  4      6.9146200              0.5834550        
  5      5.6745470             -1.1664560        
  6      4.2306310              1.0801960        
P   1
  1      1.5173890              1.0000000        
P   1
  1      0.6856190              1.0000000        
P   1
  1      0.3216540              1.0000000        
P   1
  1      0.1564700              1.0000000        
P   1
  1      0.0539070              1.0000000        
D   6
  1    102.8469600             -0.0076110        
  2     31.1541730             -0.0315700        
  3      4.8008030             -0.5506070        
  4      3.7037030              0.2647500        
  5      2.7275390             -0.5890270        
  6      1.2871730             -0.2003160        
D   6
  1    102.8469600              0.0023540        
  2     31.1541730              0.0102050        
  3      4.8008030              0.2425790        
  4      3.7037030             -0.1966520        
  5      2.7275390              0.2294360        
  6      1.2871730             -0.0713400        
D   1
  1      0.5586510              1.0000000        
D   1
  1      0.2581320              1.0000000        
D   1
  1      0.1108210              1.0000000        
D   1
  1      0.0427300              1.0000000        
F   5
  1     57.1885440              0.0113960        
  2     18.2765490              0.0799400        
  3      6.8344910              0.2655600        
  4      2.9439810              0.4371060        
  5      1.2598200              0.3524580        
F   1
  1      0.5233170              1.0000000        
F   1
  1      0.2053100              1.0000000        
F   1
  1      0.0495020              1.0000000        

