S   10
  1   9364.7015000              0.0015216        
  2   1417.1278000              0.0100459        
  3    315.7711800              0.0227319        
  4     25.8454390              0.4459525        
  5     14.6940270             -1.1845604        
  6      6.6933660              0.4129552        
  7      2.9569530              1.0556048        
  8      0.6770020              0.1825692        
  9      0.4800410             -0.1440580        
 10      0.2575570              0.0316757        
S   10
  1   9364.7015000              0.0018398        
  2   1417.1278000              0.0114659        
  3    315.7711800              0.0297130        
  4     25.8454390              0.2468921        
  5     14.6940270             -0.6641543        
  6      6.6933660              0.3163824        
  7      2.9569530              0.8545795        
  8      0.6770020             -0.5681548        
  9      0.4800410             -0.4166728        
 10      0.2575570             -0.3109374        
S   10
  1   9364.7015000              0.0005977        
  2   1417.1278000              0.0037032        
  3    315.7711800              0.0097286        
  4     25.8454390              0.0684162        
  5     14.6940270             -0.1818592        
  6      6.6933660              0.0918403        
  7      2.9569530              0.2413432        
  8      0.6770020             -0.1977461        
  9      0.4800410             -0.2165199        
 10      0.2575570             -0.2527844        
S   1
  1      0.0241930              1.0000000        
S   1
  1      0.0600180              1.0000000        
P   8
  1    954.5526400              0.0007246        
  2    227.3701200              0.0045735        
  3     74.5106560              0.0089334        
  4     25.5254910              0.1052913        
  5     16.9709460             -0.2759738        
  6      5.2786850              0.5691774        
  7      2.5663500              0.5259255        
  8      0.9744450              0.0705544        
P   8
  1    954.5526400             -0.0003846        
  2    227.3701200             -0.0020646        
  3     74.5106560             -0.0059083        
  4     25.5254910             -0.0332588        
  5     16.9709460              0.1035061        
  6      5.2786850             -0.3291645        
  7      2.5663500             -0.2492531        
  8      0.9744450              0.3570243        
P   1
  1      0.1789240              1.0000000        
P   1
  1      0.4412310              1.0000000        
P   1
  1      0.0700000              1.0000000        
D   6
  1    330.8921200              0.0010046        
  2     99.7218050              0.0077017        
  3     37.5281760              0.0296398        
  4     12.4304560              0.0723546        
  5      6.5822410              0.3633933        
  6      3.3725040              0.4348542        
D   1
  1      0.7301640              1.0000000        
D   1
  1      1.6616870              1.0000000        
D   1
  1      0.3200000              1.0000000        
F   6
  1    122.4074100             -0.0044475        
  2     44.4847780             -0.0420330        
  3     19.9290370             -0.1387830        
  4      9.0875250             -0.2649617        
  5      4.1548000             -0.3494064        
  6      1.8445370             -0.3305594        
F   1
  1      0.2771450              1.0000000        
F   1
  1      0.7634050              1.0000000        

