S   10
  1   3496.2941000              0.0028125        
  2    522.9699500              0.0121505        
  3     40.1607470             -0.1440516        
  4     28.6557470              1.0522325        
  5     19.9080630             -1.5036815        
  6      4.3176770              1.0426317        
  7      2.0012010              0.3678850        
  8      1.4283840             -0.0320218        
  9      0.6066260              0.0094934        
 10      0.2891630             -0.0015112        
S   10
  1   3496.2941000              0.0021151        
  2    522.9699500              0.0092886        
  3     40.1607470             -0.0271223        
  4     28.6557470              0.4147136        
  5     19.9080630             -0.6886076        
  6      4.3176770              0.7444707        
  7      2.0012010              0.6662052        
  8      1.4283840             -0.5314234        
  9      0.6066260             -0.7970508        
 10      0.2891630             -0.3372802        
S   10
  1   3496.2941000              0.0005696        
  2    522.9699500              0.0025098        
  3     40.1607470             -0.0054720        
  4     28.6557470              0.1018468        
  5     19.9080630             -0.1728132        
  6      4.3176770              0.1995402        
  7      2.0012010              0.1893411        
  8      1.4283840             -0.1541791        
  9      0.6066260             -0.3173322        
 10      0.2891630             -0.2764765        
S   1
  1      0.0250930              1.0000000        
S   1
  1      0.0628990              1.0000000        
P   8
  1   1646.6637000              0.0007082        
  2    393.4933500              0.0050742        
  3    127.6080000              0.0156757        
  4     40.5574430              0.0482081        
  5     15.6358790             -0.1994012        
  6      6.4768140              0.5038916        
  7      3.1022130              0.5829971        
  8      1.1828890              0.0929693        
P   8
  1   1646.6637000             -0.0004021        
  2    393.4933500             -0.0025579        
  3    127.6080000             -0.0094592        
  4     40.5574430             -0.0201573        
  5     15.6358790              0.0806916        
  6      6.4768140             -0.3089520        
  7      3.1022130             -0.2714917        
  8      1.1828890              0.2959541        
P   1
  1      0.2130480              1.0000000        
P   1
  1      0.5346430              1.0000000        
P   1
  1      0.0800000              1.0000000        
D   6
  1    466.4836800              0.0010042        
  2    141.1103700              0.0083026        
  3     54.1856890              0.0343551        
  4     23.2740750              0.0754033        
  5      8.9525880              0.2822907        
  6      4.4557920              0.4582232        
D   1
  1      0.9140790              1.0000000        
D   1
  1      2.1331970              1.0000000        
D   1
  1      0.3900000              1.0000000        
F   6
  1    141.7361600             -0.0046612        
  2     51.3270880             -0.0441803        
  3     23.0626070             -0.1476235        
  4     10.5156520             -0.2725590        
  5      4.7893080             -0.3502228        
  6      2.1096210             -0.3243047        
F   1
  1      0.3062070              1.0000000        
F   1
  1      0.8614990              1.0000000        

