S   7
  1   1982.7739000             -0.0001510        
  2     74.7268880              0.5335930        
  3     56.1481870             -2.6608360        
  4     45.3463310              2.9002800        
  5     18.1773180             -1.5760560        
  6      4.5023640              1.1202220        
  7      2.5335700              0.3614000        
S   7
  1   1982.7739000              0.0000920        
  2     74.7268880             -0.2888620        
  3     56.1481870              1.4424880        
  4     45.3463310             -1.5809480        
  5     18.1773180              0.9249600        
  6      4.5023640             -0.9975640        
  7      2.5335700             -0.4948920        
S   7
  1   1982.7739000              0.0000270        
  2     74.7268880             -0.0826640        
  3     56.1481870              0.4127780        
  4     45.3463310             -0.4526750        
  5     18.1773180              0.2675200        
  6      4.5023640             -0.3027570        
  7      2.5335700             -0.1810730        
S   1
  1      1.1084820              1.0000000        
S   1
  1      0.4850030              1.0000000        
S   1
  1      0.1061880              1.0000000        
S   1
  1      0.0446200              1.0000000        
S   1
  1      0.0130000              1.0000000        
P   6
  1   1460.1221000             -0.0039250        
  2    346.6720100             -0.0275910        
  3    109.6248700             -0.0811490        
  4     35.8281330             -0.1146720        
  5      5.8068130              0.9940360        
  6      4.7083540             -1.3038040        
P   6
  1   1460.1221000              0.0059800        
  2    346.6720100              0.0409870        
  3    109.6248700              0.1263740        
  4     35.8281330              0.1580190        
  5      5.8068130             -0.2647330        
  6      4.7083540              0.6699550        
P   1
  1      1.9829860              1.0000000        
P   1
  1      1.0241170              1.0000000        
P   1
  1      0.4803960              1.0000000        
P   1
  1      0.2111760              1.0000000        
P   1
  1      0.0500000              1.0000000        
D   6
  1    225.5357800             -0.0044740        
  2     67.4038890             -0.0274530        
  3     24.3988100             -0.0745630        
  4      7.0827880             -0.1942270        
  5      3.6935840             -0.5037500        
  6      1.8145620             -0.3234790        
D   6
  1    225.5357800              0.0013800        
  2     67.4038890              0.0086260        
  3     24.3988100              0.0228940        
  4      7.0827880              0.0770090        
  5      3.6935840              0.1233010        
  6      1.8145620              0.0407740        
D   1
  1      0.8176850              1.0000000        
D   1
  1      0.2722550              1.0000000        
D   1
  1      0.0774480              1.0000000        
D   1
  1      0.0100000              1.0000000        
F   5
  1     93.1435360              0.0046370        
  2     32.4098830              0.0339420        
  3     13.3812210              0.1190580        
  4      5.9065730              0.3109980        
  5      2.7518160              0.4116270        
F   1
  1      1.2034710              1.0000000        
F   1
  1      0.4590310              1.0000000        
F   1
  1      0.0500000              1.0000000        
$END
! ELEMENTS                      REFERENCES
! ---------                       ----------
! 

