S   7
  1   2405.6265000              0.0001090        
  2     64.7784960              0.2139870        
  3     48.4573510             -1.0859220        
  4     37.7800170              1.3511640        
  5     14.4301320             -1.3057440        
  6      4.4823100              1.0023400        
  7      2.4176700              0.5410740        
S   7
  1   2405.6265000             -0.0000530        
  2     64.7784960             -0.1041070        
  3     48.4573510              0.5554600        
  4     37.7800170             -0.7181890        
  5     14.4301320              0.8070950        
  6      4.4823100             -0.9598440        
  7      2.4176700             -0.5401580        
S   7
  1   2405.6265000              0.0000140        
  2     64.7784960              0.0287210        
  3     48.4573510             -0.1555990        
  4     37.7800170              0.2031250        
  5     14.4301320             -0.2343660        
  6      4.4823100              0.2904520        
  7      2.4176700              0.1990580        
S   1
  1      0.9327690              1.0000000        
S   1
  1      0.4191810              1.0000000        
S   1
  1      0.1070280              1.0000000        
S   1
  1      0.0499490              1.0000000        
S   1
  1      0.0050000              1.0000000        
P   6
  1   1313.5069000             -0.0038760        
  2    312.4028800             -0.0270190        
  3     99.2732730             -0.0781210        
  4     32.7088600             -0.1117520        
  5      5.7153710              0.9002390        
  6      4.6020670             -1.1740350        
P   6
  1   1313.5069000              0.0055800        
  2    312.4028800              0.0378740        
  3     99.2732730              0.1151780        
  4     32.7088600              0.1443460        
  5      5.7153710             -0.2988840        
  6      4.6020670              0.6930950        
P   1
  1      1.9718670              1.0000000        
P   1
  1      0.9069580              1.0000000        
P   1
  1      0.4083950              1.0000000        
P   1
  1      0.1718260              1.0000000        
P   1
  1      0.0050000              1.0000000        
D   6
  1    307.4572900             -0.0010710        
  2     91.3151920             -0.0077870        
  3     32.0211440             -0.0299950        
  4      5.0237610             -0.4381790        
  5      2.5736490             -0.4570870        
  6      1.2901400             -0.1779730        
D   6
  1    307.4572900              0.0003550        
  2     91.3151920              0.0022930        
  3     32.0211440              0.0098680        
  4      5.0237610              0.1630010        
  5      2.5736490              0.0675120        
  6      1.2901400              0.0347940        
D   1
  1      0.6001520              1.0000000        
D   1
  1      0.1709450              1.0000000        
D   1
  1      0.0902390              1.0000000        
D   1
  1      0.0050000              1.0000000        
F   5
  1     86.9580220              0.0042560        
  2     30.1514340              0.0318370        
  3     12.3446990              0.1157670        
  4      5.3900670              0.3159330        
  5      2.4646820              0.4222180        
F   1
  1      1.0516750              1.0000000        
F   1
  1      0.3967400              1.0000000        
F   1
  1      0.0050000              1.0000000        

