S   10
  1   6051.8923000              0.0002765        
  2    912.4648700              0.0016389        
  3    176.9638800              0.0047031        
  4     38.7271240             -0.1985919        
  5     27.6622320              0.5842853        
  6     13.1858780             -1.0124216        
  7      3.3085050              0.9901076        
  8      1.6823660              0.4011777        
  9      0.6450000              0.0169766        
 10      0.2828220             -0.0014919        
S   10
  1   6051.8923000             -0.0001525        
  2    912.4648700             -0.0009747        
  3    176.9638800             -0.0022284        
  4     38.7271240              0.0821798        
  5     27.6622320             -0.2599754        
  6     13.1858780              0.5092706        
  7      3.3085050             -0.7351603        
  8      1.6823660             -0.4634258        
  9      0.6450000              0.7970927        
 10      0.2828220              0.6151244        
S   10
  1   6051.8923000              0.0000427        
  2    912.4648700              0.0002733        
  3    176.9638800              0.0006199        
  4     38.7271240             -0.0222526        
  5     27.6622320              0.0708175        
  6     13.1858780             -0.1406682        
  7      3.3085050              0.2162590        
  8      1.6823660              0.1433945        
  9      0.6450000             -0.2996292        
 10      0.2828220             -0.4214948        
S   1
  1      0.0216880              1.0000000        
S   1
  1      0.0519220              1.0000000        
P   7
  1    651.6898600              0.0600000        
  2    152.6745800             -0.0003917        
  3     25.7209520             -0.0021433        
  4     12.6525050             -0.0625062        
  5      9.0166860              0.4201090        
  6      3.8439910             -0.2219939        
  7      1.9018100             -0.6589373        
P   7
  1    651.6898600             -0.0004320        
  2    152.6745800             -0.0001679        
  3     25.7209520             -0.0011275        
  4     12.6525050             -0.0260260        
  5      9.0166860              0.2001852        
  6      3.8439910             -0.1332287        
  7      1.9018100             -0.3519744        
P   1
  1      0.1491340              1.0000000        
P   1
  1      0.3660680              1.0000000        
P   1
  1      0.8270980              1.0000000        
D   5
  1     60.1918610              0.0081879        
  2     10.4946770             -0.0827988        
  3      7.4961680              0.3174546        
  4      3.6361520              0.4700902        
  5      1.8484590              0.3160003        
D   1
  1      0.1209520              1.0000000        
D   1
  1      0.4161820              1.0000000        
D   1
  1      0.9237120              1.0000000        
F   6
  1     76.0894420             -0.0081017        
  2     28.4719080             -0.0608225        
  3     12.2526160             -0.1676429        
  4      5.5174940             -0.2927553        
  5      2.5074670             -0.3515757        
  6      1.1195130             -0.3052362        
F   1
  1      0.4734150              1.0000000        
F   1
  1      0.1789630              1.0000000        

