S   7
  1   2190.2397000              0.0016290        
  2    327.2110000              0.0066780        
  3     23.4184550             -0.7538880        
  4     19.1654450              1.7777570        
  5     11.8053650             -1.7432160        
  6      2.7789240              1.1741170        
  7      1.3880840              0.3000390        
S   7
  1   2190.2397000             -0.0017020        
  2    327.2110000             -0.0068140        
  3     23.4184550              0.3470490        
  4     19.1654450             -0.9002590        
  5     11.8053650              1.0141960        
  6      2.7789240             -1.1804790        
  7      1.3880840             -0.2595090        
S   7
  1   2190.2397000              0.0005830        
  2    327.2110000              0.0023370        
  3     23.4184550             -0.1004000        
  4     19.1654450              0.2663740        
  5     11.8053650             -0.3083690        
  6      2.7789240              0.3941790        
  7      1.3880840              0.0965120        
S   1
  1      0.6355180              1.0000000        
S   1
  1      0.2942100              1.0000000        
S   1
  1      0.0702060              1.0000000        
S   1
  1      0.0287210              1.0000000        
S   1
  1      0.0050000              1.0000000        
P   6
  1    416.5659100             -0.0018040        
  2     96.8955320             -0.0090630        
  3     17.7830130             -0.0995790        
  4     10.5868080              0.2030910        
  5      7.5137870              0.1564380        
  6      3.2744940             -0.7138790        
P   6
  1    416.5659100             -0.0011790        
  2     96.8955320             -0.0061830        
  3     17.7830130             -0.0651970        
  4     10.5868080              0.1826590        
  5      7.5137870             -0.0099950        
  6      3.2744940             -0.4917930        
P   1
  1      1.6177210              1.0000000        
P   1
  1      0.7745280              1.0000000        
P   1
  1      0.3525820              1.0000000        
P   1
  1      0.1444850              1.0000000        
P   1
  1      0.0050000              1.0000000        
D   6
  1     86.2184090             -0.0017010        
  2     19.7704340             -0.0225000        
  3     10.5590790              0.0877190        
  4      3.8534690             -0.4011110        
  5      2.0447940             -0.4834120        
  6      1.0429010             -0.2228560        
D   6
  1     86.2184090             -0.0006770        
  2     19.7704340             -0.0063200        
  3     10.5590790              0.0261920        
  4      3.8534690             -0.1548970        
  5      2.0447940             -0.1632410        
  6      1.0429010              0.0126180        
D   1
  1      0.4789090              1.0000000        
D   1
  1      0.1914050              1.0000000        
D   1
  1      0.0678480              1.0000000        
D   1
  1      0.0050000              1.0000000        
F   5
  1     37.8590290              0.0032470        
  2     13.4210390              0.0140450        
  3      4.7153670              0.1553510        
  4      2.3720090              0.3371280        
  5      1.1286290              0.3938280        
F   1
  1      0.4894680              1.0000000        
F   1
  1      0.1828980              1.0000000        
F   1
  1      0.0050000              1.0000000        

