S   7
  1   2330.0311000              0.0001480        
  2     81.8588950              0.0532530        
  3     51.0497040             -0.4178460        
  4     34.1150630              0.9091170        
  5     15.1988470             -1.3705530        
  6      4.7625830              0.9202520        
  7      2.6571780              0.6131350        
S   7
  1   2330.0311000             -0.0000730        
  2     81.8588950             -0.0246500        
  3     51.0497040              0.2118540        
  4     34.1150630             -0.4917060        
  5     15.1988470              0.8451740        
  6      4.7625830             -0.8791340        
  7      2.6571780             -0.6267760        
S   7
  1   2330.0311000             -0.0000190        
  2     81.8588950             -0.0067770        
  3     51.0497040              0.0597370        
  4     34.1150630             -0.1405690        
  5     15.1988470              0.2467820        
  6      4.7625830             -0.2673790        
  7      2.6571780             -0.2217780        
S   1
  1      1.0089230              1.0000000        
S   1
  1      0.4588670              1.0000000        
S   1
  1      0.1095870              1.0000000        
S   1
  1      0.0509760              1.0000000        
S   1
  1      0.0050000              1.0000000        
P   6
  1   1370.5020000             -0.0037300        
  2    325.7601500             -0.0260230        
  3    103.3824500             -0.0747960        
  4     33.9045800             -0.1078780        
  5      6.2312720              0.8930080        
  6      5.0642990             -1.1059360        
P   6
  1   1370.5020000              0.0051890        
  2    325.7601500              0.0351590        
  3    103.3824500              0.1067540        
  4     33.9045800              0.1330720        
  5      6.2312720             -0.3737440        
  6      5.0642990              0.7306030        
P   1
  1      2.2178180              1.0000000        
P   1
  1      1.0034630              1.0000000        
P   1
  1      0.4557190              1.0000000        
P   1
  1      0.1886770              1.0000000        
P   1
  1      0.0050000              1.0000000        
D   6
  1    274.4613600             -0.0016490        
  2     82.0386510             -0.0110350        
  3     29.5684250             -0.0364500        
  4      5.3492280             -0.3860160        
  5      2.8495450             -0.4579230        
  6      1.4656530             -0.2148440        
D   6
  1    274.4613600              0.0005220        
  2     82.0386510              0.0030800        
  3     29.5684250              0.0115950        
  4      5.3492280              0.1331040        
  5      2.8495450              0.0958040        
  6      1.4656530              0.0027280        
D   1
  1      0.7045840              1.0000000        
D   1
  1      0.2426730              1.0000000        
D   1
  1      0.0545710              1.0000000        
D   1
  1      0.0050000              1.0000000        
F   5
  1     97.0431800              0.0041260        
  2     33.3731430              0.0328220        
  3     13.5754300              0.1217540        
  4      5.7928360              0.3127710        
  5      2.6151750              0.4254910        
F   1
  1      1.1066070              1.0000000        
F   1
  1      0.4144940              1.0000000        
F   1
  1      0.0050000              1.0000000        

