S   10
  1   3975.1773000              0.0002373        
  2    598.7570700              0.0012404        
  3     66.3379190              0.0381855        
  4     41.4406110             -0.3103178        
  5     29.6004360              0.6011288        
  6     12.2313330             -0.9667871        
  7      3.2151010              0.9646561        
  8      1.6563650              0.4348377        
  9      0.6201920              0.0205299        
 10      0.2736660             -0.0022907        
S   10
  1   3975.1773000             -0.0001223        
  2    598.7570700             -0.0007066        
  3     66.3379190             -0.0142037        
  4     41.4406110              0.1258509        
  5     29.6004360             -0.2620278        
  6     12.2313330              0.4879756        
  7      3.2151010             -0.7027392        
  8      1.6563650             -0.5042457        
  9      0.6201920              0.7875763        
 10      0.2736660              0.6256002        
S   10
  1   3975.1773000              0.0000345        
  2    598.7570700              0.0001990        
  3     66.3379190              0.0039214        
  4     41.4406110             -0.0346224        
  5     29.6004360              0.0723051        
  6     12.2313330             -0.1366606        
  7      3.2151010              0.2092382        
  8      1.6563650              0.1579737        
  9      0.6201920             -0.3008006        
 10      0.2736660             -0.4304216        
S   1
  1      0.0212230              1.0000000        
S   1
  1      0.0505330              1.0000000        
P   8
  1    218.9569300             -0.0012339        
  2     29.0944940             -0.0074211        
  3     20.5801110             -0.1504970        
  4     14.6643320              0.3813200        
  5      4.4461000             -0.5086050        
  6      2.3510230             -0.5367219        
  7      1.1376880             -0.1324987        
  8      0.6072480              0.0002634        
P   8
  1    218.9569300             -0.0005355        
  2     29.0944940             -0.0117209        
  3     20.5801110             -0.0357286        
  4     14.6643320              0.1403745        
  5      4.4461000             -0.2746790        
  6      2.3510230             -0.3047680        
  7      1.1376880              0.0448073        
  8      0.6072480              0.5179992        
P   1
  1      0.1185680              1.0000000        
P   1
  1      0.2839030              1.0000000        
P   1
  1      0.0500000              1.0000000        
D   6
  1     59.4571430              0.0060408        
  2     11.2944530             -0.1168807        
  3      8.0672640              0.2764770        
  4      3.8588590              0.4609418        
  5      1.9748090              0.3563380        
  6      0.9975680              0.1239238        
D   1
  1      0.1488030              1.0000000        
D   1
  1      0.4649810              1.0000000        
D   1
  1      0.0500000              1.0000000        
F   6
  1     70.2408770             -0.0084603        
  2     26.4328880             -0.0606262        
  3     11.2598470             -0.1665007        
  4      5.0496800             -0.2914159        
  5      2.2848350             -0.3513876        
  6      1.0158290             -0.3072542        
F   1
  1      0.4280230              1.0000000        
F   1
  1      0.1611580              1.0000000        

