S   10
  1   8586.5898000              0.0003653        
  2   1295.2638000              0.0023391        
  3    281.7410800              0.0063299        
  4     37.0022940             -0.1824168        
  5     26.4302100              0.6670946        
  6     14.2785690             -1.0941164        
  7      3.3804980              1.0216139        
  8      1.6819230              0.3613406        
  9      0.6727530              0.0124473        
 10      0.2923440             -0.0004751        
S   10
  1   8586.5898000             -0.0002294        
  2   1295.2638000             -0.0015144        
  3    281.7410800             -0.0038659        
  4     37.0022940              0.0710505        
  5     26.4302100             -0.2931138        
  6     14.2785690              0.5429951        
  7      3.3804980             -0.7684681        
  8      1.6819230             -0.4251074        
  9      0.6727530              0.8049099        
 10      0.2923440              0.6115364        
S   10
  1   8586.5898000              0.0000644        
  2   1295.2638000              0.0004253        
  3    281.7410800              0.0010863        
  4     37.0022940             -0.0188077        
  5     26.4302100              0.0785997        
  6     14.2785690             -0.1476756        
  7      3.3804980              0.2231563        
  8      1.6819230              0.1297338        
  9      0.6727530             -0.2958889        
 10      0.2923440             -0.4161195        
S   1
  1      0.0220540              1.0000000        
S   1
  1      0.0529890              1.0000000        
P   8
  1    655.3480300             -0.0005030        
  2    153.4495700             -0.0027295        
  3     27.8894190             -0.0547743        
  4     12.9476830              0.4123653        
  5      9.1991910             -0.2378916        
  6      3.9867420             -0.6575713        
  7      1.9756660             -0.3888430        
  8      0.8631830             -0.0431513        
P   8
  1    655.3480300             -0.0002200        
  2    153.4495700             -0.0014305        
  3     27.8894190             -0.0227463        
  4     12.9476830              0.1973377        
  5      9.1991910             -0.1429363        
  6      3.9867420             -0.3506687        
  7      1.9756660             -0.2082032        
  8      0.8631830              0.4064716        
P   1
  1      0.1549510              1.0000000        
P   1
  1      0.3808010              1.0000000        
P   1
  1      0.0600000              1.0000000        
D   6
  1    163.3270800              0.0019550        
  2     46.6542270              0.0134264        
  3      6.7143230              0.3183174        
  4      3.4365720              0.4520406        
  5      1.7669120              0.2770522        
  6      0.8864880              0.0743559        
D   1
  1      0.1170080              1.0000000        
D   1
  1      0.3951760              1.0000000        
D   1
  1      0.0300000              1.0000000        
F   6
  1     82.7285930             -0.0078826        
  2     30.9106050             -0.0606374        
  3     13.3742500             -0.1672471        
  4      6.0319600             -0.2927056        
  5      2.7458800             -0.3517706        
  6      1.2268880             -0.3050550        
F   1
  1      0.1955010              1.0000000        
F   1
  1      0.5183390              1.0000000        

