S   7
  1   2002.4053000              0.0020910        
  2    299.1098700              0.0086910        
  3     22.3722920             -0.3477450        
  4     16.3292010              1.4614710        
  5     10.8605010             -1.8224580        
  6      2.5491750              1.1422390        
  7      1.3035050              0.3217640        
S   7
  1   2002.4053000             -0.0023790        
  2    299.1098700             -0.0098360        
  3     22.3722920              0.1347910        
  4     16.3292010             -0.7214210        
  5     10.8605010              1.0340250        
  6      2.5491750             -1.1234090        
  7      1.3035050             -0.3266520        
S   7
  1   2002.4053000              0.0008760        
  2    299.1098700              0.0036310        
  3     22.3722920             -0.0378980        
  4     16.3292010              0.2194210        
  5     10.8605010             -0.3247570        
  6      2.5491750              0.3901500        
  7      1.3035050              0.1243260        
S   1
  1      0.5939180              1.0000000        
S   1
  1      0.2772310              1.0000000        
S   1
  1      0.0699180              1.0000000        
S   1
  1      0.0301650              1.0000000        
S   1
  1      0.0100000              1.0000000        
P   6
  1    417.6154400             -0.0006950        
  2     96.6970660             -0.0034960        
  3     13.3311120             -0.2784190        
  4     10.1692480              0.5134830        
  5      7.5624840              0.0283740        
  6      3.0145770             -0.6699550        
P   6
  1    417.6154400             -0.0004030        
  2     96.6970660             -0.0022190        
  3     13.3311120             -0.1691020        
  4     10.1692480              0.3620800        
  5      7.5624840             -0.0756240        
  6      3.0145770             -0.4532580        
P   1
  1      1.5665160              1.0000000        
P   1
  1      0.7183280              1.0000000        
P   1
  1      0.3343590              1.0000000        
P   1
  1      0.1388190              1.0000000        
P   1
  1      0.0100000              1.0000000        
D   6
  1     83.2578540             -0.0009380        
  2     17.3591040             -0.1691020        
  3      9.6420720              0.3620800        
  4      3.7121730             -0.3535420        
  5      1.9839250             -0.5060410        
  6      0.9917990             -0.2584600        
D   6
  1     83.2578540             -0.0003880        
  2     17.3591040             -0.0232680        
  3      9.6420720              0.1120820        
  4      3.7121730             -0.1328340        
  5      1.9839250             -0.1819370        
  6      0.9917990             -0.0076770        
D   1
  1      0.4329420              1.0000000        
D   1
  1      0.1737640              1.0000000        
D   1
  1      0.0633750              1.0000000        
D   1
  1      0.0100000              1.0000000        
F   5
  1     41.5614120              0.0012850        
  2     15.6919720              0.0051160        
  3      4.0309820              0.1550320        
  4      1.9259080              0.3467870        
  5      0.8628200              0.4001820        
F   1
  1      0.3561730              1.0000000        
F   1
  1      0.1286310              1.0000000        
F   1
  1      0.0100000              1.0000000        

