S   10
  1   8882.9526000              0.0011941        
  2   1344.0796000              0.0079142        
  3    299.6712900              0.0190651        
  4     21.0747120              0.8266645        
  5     15.0533660             -1.4578867        
  6      4.2833670              0.6156389        
  7      2.3805950              0.7629190        
  8      0.6149400              0.1273355        
  9      0.4392040             -0.1018023        
 10      0.2640890              0.0247280        
S   10
  1   8882.9526000              0.0011413        
  2   1344.0796000              0.0071326        
  3    299.6712900              0.0195869        
  4     21.0747120              0.4296868        
  5     15.0533660             -0.7723147        
  6      4.2833670              0.4717097        
  7      2.3805950              0.6527172        
  8      0.6149400             -0.7520651        
  9      0.4392040             -0.1519704        
 10      0.2640890             -0.4188216        
S   10
  1   8882.9526000              0.0003483        
  2   1344.0796000              0.0021637        
  3    299.6712900              0.0060215        
  4     21.0747120              0.1169114        
  5     15.0533660             -0.2098466        
  6      4.2833670              0.1356250        
  7      2.3805950              0.1889042        
  8      0.6149400             -0.2761931        
  9      0.4392040             -0.0893854        
 10      0.2640890             -0.3161973        
S   1
  1      0.0226590              1.0000000        
S   1
  1      0.0552750              1.0000000        
P   8
  1    680.8491800              0.0006797        
  2    157.5711900              0.0040030        
  3     30.6875710              0.0423166        
  4     21.7579150              0.0418084        
  5     15.4252600             -0.2777516        
  6      4.9277600              0.5807581        
  7      2.3965800              0.5246979        
  8      0.9476050              0.0710993        
P   8
  1    680.8491800             -0.0003357        
  2    157.5711900             -0.0018713        
  3     30.6875710             -0.0292559        
  4     21.7579150              0.0182394        
  5     15.4252600              0.0881087        
  6      4.9277600             -0.3207358        
  7      2.3965800             -0.2740270        
  8      0.9476050              0.3408283        
P   1
  1      0.1723440              1.0000000        
P   1
  1      0.4254040              1.0000000        
P   1
  1      0.0700000              1.0000000        
D   6
  1    329.8599000              0.0006247        
  2     99.5904570              0.0048124        
  3     37.6177180              0.0192404        
  4      7.9335720              0.2156105        
  5      4.4755290              0.3920499        
  6      2.4319730              0.3520307        
D   1
  1      0.5617520              1.0000000        
D   1
  1      1.2478130              1.0000000        
D   1
  1      0.2500000              1.0000000        
F   6
  1    109.5248200             -0.0044448        
  2     40.0531470             -0.0413999        
  3     17.8365660             -0.1328491        
  4      8.1098100             -0.2595344        
  5      3.7055540             -0.3486044        
  6      1.6475520             -0.3350731        
F   1
  1      0.2503400              1.0000000        
F   1
  1      0.6844740              1.0000000        

