S   10
  1   9271.4027000              0.0016799        
  2   1402.7404000              0.0110045        
  3    311.7458000              0.0234664        
  4     24.7624180              0.5270259        
  5     14.1246810             -1.7114037        
  6     10.0890580              0.7347965        
  7      3.1319940              1.1671228        
  8      0.6473260              0.2352475        
  9      0.4595810             -0.2019859        
 10      0.2491710              0.0485010        
S   10
  1   9271.4027000              0.0024755        
  2   1402.7404000              0.0153560        
  3    311.7458000              0.0374799        
  4     24.7624180              0.3089429        
  5     14.1246810             -1.0365149        
  6     10.0890580              0.5380240        
  7      3.1319940              0.9207996        
  8      0.6473260             -0.5848847        
  9      0.4595810             -0.4112257        
 10      0.2491710             -0.2786836        
S   10
  1   9271.4027000              0.0008476        
  2   1402.7404000              0.0052293        
  3    311.7458000              0.0129346        
  4     24.7624180              0.0862384        
  5     14.1246810             -0.2867984        
  6     10.0890580              0.1564829        
  7      3.1319940              0.2497863        
  8      0.6473260             -0.1941264        
  9      0.4595810             -0.2073088        
 10      0.2491710             -0.2496974        
S   1
  1      0.0239980              1.0000000        
S   1
  1      0.0590530              1.0000000        
P   8
  1   1103.2331000              0.0007141        
  2    263.3474900              0.0046476        
  3     85.8501090              0.0105675        
  4     26.1216730              0.1336610        
  5     18.4978710             -0.2919572        
  6      5.5592860              0.5683970        
  7      2.7076690              0.5208610        
  8      1.0229470              0.0696649        
P   8
  1   1103.2331000             -0.0003839        
  2    263.3474900             -0.0021416        
  3     85.8501090             -0.0066306        
  4     26.1216730             -0.0439365        
  5     18.4978710              0.1082208        
  6      5.5592860             -0.3339195        
  7      2.7076690             -0.2379723        
  8      1.0229470              0.3606587        
P   1
  1      0.1900360              1.0000000        
P   1
  1      0.4645120              1.0000000        
P   1
  1      0.0800000              1.0000000        
D   6
  1    385.3846800              0.0009705        
  2    116.3951800              0.0077541        
  3     44.1608630              0.0311719        
  4     18.6617620              0.0534089        
  5      7.7191300              0.3219532        
  6      3.8757730              0.4565151        
D   1
  1      0.8142170              1.0000000        
D   1
  1      1.8773870              1.0000000        
D   1
  1      0.3500000              1.0000000        
F   6
  1    129.3887100             -0.0044990        
  2     46.9368060             -0.0427410        
  3     21.0783840             -0.1423593        
  4      9.6174970             -0.2677751        
  5      4.3927390             -0.3495197        
  6      1.9455250             -0.3280059        
F   1
  1      0.2894160              1.0000000        
F   1
  1      0.8017250              1.0000000        

