S   10
  1   3848.7352510              0.0020315        
  2    574.6994450              0.0087934        
  3     49.2929000             -0.1230690        
  4     32.8602360              0.8426345        
  5     21.1540200             -1.3179453        
  6      4.6913310              1.0278532        
  7      2.2850100              0.3473134        
  8      0.9210040              0.0116121        
  9      0.3898770             -0.0003350        
 10      0.0677840              0.0006042        
S   10
  1   3848.7352510              0.0013653        
  2    574.6994450              0.0059242        
  3     49.2929000             -0.0397293        
  4     32.8602360              0.3604928        
  5     21.1540200             -0.6258697        
  6      4.6913310              0.7513194        
  7      2.2850100              0.3954427        
  8      0.9210040             -0.7617156        
  9      0.3898770             -0.6295467        
 10      0.0677840             -0.0490486        
S   10
  1   3848.7352510              0.0003507        
  2    574.6994450              0.0015265        
  3     49.2929000             -0.0094537        
  4     32.8602360              0.0882619        
  5     21.1540200             -0.1547647        
  6      4.6913310              0.1975294        
  7      2.2850100              0.1066679        
  8      0.9210040             -0.2356696        
  9      0.3898770             -0.3958454        
 10      0.0677840              0.3986029        
S   1
  1      0.0219900              1.0000000        
S   1
  1      0.0451890              1.0000000        
P   7
  1   2080.7927150              0.0007364        
  2    494.9666950              0.0054991        
  3    158.3405590              0.0193020        
  4     51.6367510              0.0478429        
  5     13.8972510             -0.2603774        
  6      7.9923310              0.5031765        
  7      3.5902200              0.6346706        
P   7
  1   2080.7927150             -0.0004310        
  2    494.9666950             -0.0029714        
  3    158.3405590             -0.0116924        
  4     51.6367510             -0.0237017        
  5     13.8972510              0.1117222        
  6      7.9923310             -0.3033181        
  7      3.5902200             -0.3165912        
P   1
  1      0.2410010              1.0000000        
P   1
  1      0.6222010              1.0000000        
P   1
  1      1.4315150              1.0000000        
D   5
  1    494.2981670              0.0013783        
  2    149.7259710              0.0113930        
  3     57.6956250              0.0468796        
  4     24.5423220              0.1080325        
  5      9.7203230              0.2714151        
D   1
  1      0.9541940              1.0000000        
D   1
  1      2.2454690              1.0000000        
D   1
  1      4.7410450              1.0000000        
F   6
  1    156.7515130             -0.0043548        
  2     56.2903790             -0.0417003        
  3     25.2775320             -0.1500851        
  4     11.5998230             -0.2754062        
  5      5.2806760             -0.3505431        
  6      2.3172570             -0.3224274        
F   1
  1      0.3292520              1.0000000        
F   1
  1      0.9390280              1.0000000        

