S   10
  1   3904.9209000              0.0018267        
  2    581.4207000              0.0078226        
  3     60.2058010             -0.0718147        
  4     35.4151770              0.6111663        
  5     20.8324570             -1.1560736        
  6      5.0623380              0.9634173        
  7      2.5668820              0.4212674        
  8      0.9305220              0.0210475        
  9      0.3950970             -0.0025999        
 10      0.0639760              0.0016015        
S   10
  1   3904.9209000              0.0011896        
  2    581.4207000              0.0050206        
  3     60.2058010             -0.0243774        
  4     35.4151770              0.2670157        
  5     20.8324570             -0.5573827        
  6      5.0623380              0.6884317        
  7      2.5668820              0.4423966        
  8      0.9305220             -0.7497303        
  9      0.3950970             -0.6211232        
 10      0.0639760             -0.0387583        
S   10
  1   3904.9209000              0.0002980        
  2    581.4207000              0.0012603        
  3     60.2058010             -0.0057303        
  4     35.4151770              0.0642205        
  5     20.8324570             -0.1353270        
  6      5.0623380              0.1767051        
  7      2.5668820              0.1166437        
  8      0.9305220             -0.2262156        
  9      0.3950970             -0.3892739        
 10      0.0639760              0.5621010        
S   1
  1      0.0213480              1.0000000        
S   1
  1      0.0376330              1.0000000        
P   7
  1   2181.7019000              0.0008167        
  2    518.8123000              0.0061056        
  3    165.8531600              0.0215928        
  4     54.6092410              0.0512497        
  5     14.0623580             -0.2651420        
  6      8.3744620              0.5179153        
  7      3.7346160              0.6290642        
P   7
  1   2181.7019000             -0.0004861        
  2    518.8123000             -0.0033905        
  3    165.8531600             -0.0132652        
  4     54.6092410             -0.0263858        
  5     14.0623580              0.1128065        
  6      8.3744620             -0.3134685        
  7      3.7346160             -0.3107733        
P   1
  1      0.2500910              1.0000000        
P   1
  1      0.6449070              1.0000000        
P   1
  1      1.4920890              1.0000000        
D   5
  1    411.8827200              0.0026090        
  2    125.0636600              0.0203004        
  3     48.1732400              0.0751750        
  4     20.3183860              0.1505321        
  5      8.2583120              0.3355484        
D   1
  1      0.8036420              1.0000000        
D   1
  1      1.8859960              1.0000000        
D   1
  1      3.9927740              1.0000000        
F   6
  1    177.1395600             -0.0033253        
  2     62.9667650             -0.0329596        
  3     28.0155460             -0.1369792        
  4     12.9925490             -0.2673437        
  5      5.9129910             -0.3509445        
  6      2.5840960             -0.3312719        
F   1
  1      0.3590210              1.0000000        
F   1
  1      1.0387640              1.0000000        

