AG-ECP GEN    28    3
2     ----- f-ul potential -----
    -33.68992012      2      14.2200000
     -5.53112021      2       7.1100000
4     ----- s-f potential -----
    255.13936452      2      13.1300000
     36.86612154      2       6.5100000
     33.68992012      2      14.2200000
      5.53112021      2       7.1100000
4     ----- p-f potential -----
    182.18186871      2      11.7400000
     30.35775148      2       6.2000000
     33.68992012      2      14.2200000
      5.53112021      2       7.1100000
4     ----- d-f potential -----
     73.71926087      2      10.2100000
     12.50211712      2       4.3800000
     33.68992012      2      14.2200000
      5.53112021      2       7.1100000
