S   6
1       372.76139166             0.15878057239E-02
2        22.689478596           -0.15027605583
3        18.391547037            0.35915813039
4         7.6406271414          -0.74805091065
5         1.9052000235           0.92017581656
6         0.93007107773          0.46754079597
S   2
1        10.584496987           -0.14845336778E-01
2         1.4680242769           0.35289492025
S   1
1         0.21621190032          1.0000000
S   1
1         0.83546307041E-01      1.0000000
P   4
1        15.926550950            0.13206950012
2        10.052739237           -0.41511149340
3         1.2682183726           0.74197972626
4         0.57196620929          0.15580772750
P   1
1         2.6190751238           1.0000000
P   1
1         0.25183282652          1.0000000
P   1
1         0.83389127684E-01      1.0000000
D   5
1        45.485063360            0.32556415807E-02
2        18.504059617           -0.54952972010E-02
3         3.9156032308           0.27988806353
4         1.7142196009           0.51273377761
5         0.69675478242          0.33288802736
D   1
1         0.23060000000          1.0000000

