S   5
1     11797.1197650              0.20214479973E-02
2      1774.3522753              0.15139852688E-01
3       403.18875733             0.68525400873E-01
4       113.24933999             0.17762929207
5        34.835298193            0.16496495001
S   3
1        58.614775042           -0.10343394000
2         6.4922045078           0.63133365899
3         2.7117014403           0.54887572301
S   1
1         0.54412974538          1.0000000
S   1
1         0.20517411136          1.0000000
P   5
1       356.28707256            -0.87321783271E-02
2        83.593132866           -0.63680317444E-01
3        26.186704029           -0.24311906886
4         9.2257275925          -0.48956069653
5         3.3922754954          -0.39229190040
P   1
1         0.94740534010          1.0000000
P   1
1         0.25659135062          1.0000000
D   1
1         0.6960000              1.0000000

