AT-ECP GEN    60    3
4     ----- f-ul potential -----
     19.87019800      2       5.81216300
     26.41645200      2       5.75371500
      0.99497000      2       2.51347200
      1.49070100      2       2.53626100
7     ----- s-f potential -----
     49.95715800      2      30.20083200
    283.21037100      2      13.61230600
     62.28105200      2       8.52934000
    -19.87019800      2       5.81216300
    -26.41645200      2       5.75371500
     -0.99497000      2       2.51347200
     -1.49070100      2       2.53626100
8     ----- p-f potential -----
     71.98237100      2      10.85406500
    143.90353200      2       9.46822900
      4.87175900      2       7.03111400
      8.98305900      2       6.14385800
    -19.87019800      2       5.81216300
    -26.41645200      2       5.75371500
     -0.99497000      2       2.51347200
     -1.49070100      2       2.53626100
8     ----- d-f potential -----
     36.36323700      2       8.31351500
     54.54897000      2       7.99896500
      9.77628500      2       5.17996600
     14.26475500      2       4.94222600
    -19.87019800      2       5.81216300
    -26.41645200      2       5.75371500
     -0.99497000      2       2.51347200
     -1.49070100      2       2.53626100
