AU-ECP GEN    60    3
2     ----- f-ul potential -----
     30.49008890      2       4.78982000
      5.17107381      2       2.39491000
4     ----- s-f potential -----
    426.84667920      2      13.20510000
     37.00708285      2       6.60255000
    -30.49008890      2       4.78982000
     -5.17107381      2       2.39491000
4     ----- p-f potential -----
    261.19958038      2      10.45202000
     26.96249604      2       5.22601000
    -30.49008890      2       4.78982000
     -5.17107381      2       2.39491000
4     ----- d-f potential -----
    124.79066561      2       7.85110000
     16.30072573      2       3.92555000
    -30.49008890      2       4.78982000
     -5.17107381      2       2.39491000
