S   3
1         2.3961900000          -5.9554766710
2         2.2433050000           6.6805648241
3         0.71740200000         -0.57055347037
S   1
1         0.27420073547          1.0000000
S   1
1         0.40933264188E-01      1.0000000
S   1
1         0.18060156423E-01      1.0000000
P   4
1         2.9267420000           0.79815276764
2         2.5207180000          -1.0707548832
3         0.67578180854          0.34940781448
4         0.31985844531          0.65041110673
P   1
1         0.13221792446          1.0000000
P   1
1         0.33039565349E-01      1.0000000
D   4
1         0.9663150             -0.9089380
2         0.8938280              0.9472400
3         0.2731950              0.3220570
4         0.1038910              0.4732600
D   1
1         0.0355780              0.365977
F   4
1        10.00                   0.073
2         3.20                   0.210
3         1.00                   0.350
4         0.32                   0.360

