BI-ECP GEN    60    3
2     ----- f-ul potential -----
     13.71338300      2       4.21454600
     18.19430800      2       4.13340000
4     ----- s-f potential -----
    283.26422700      2      13.04309000
     62.47195900      2       8.22168200
    -13.71338300      2       4.21454600
    -18.19430800      2       4.13340000
6     ----- p-f potential -----
     72.00149900      2      10.46777700
    144.00227700      2       9.11890100
      5.00794500      2       6.75479100
      9.99155000      2       6.25259200
    -13.71338300      2       4.21454600
    -18.19430800      2       4.13340000
6     ----- d-f potential -----
     36.39625900      2       8.08147400
     54.59766400      2       7.89059500
      9.98429400      2       4.95555600
     14.98148500      2       4.70455900
    -13.71338300      2       4.21454600
    -18.19430800      2       4.13340000
