S   6
1       175.19632102             0.80278879028E-03
2        19.820147783           -0.14624461250
3        14.960110102            0.37435719885
4         6.7065785571          -0.68476017748
5         1.7391967524           0.90967322081
6         0.94504730591          0.38695797807
S   2
1         8.4636832909          -0.20037183144E-01
2         1.5317838545           0.31054408682
S   1
1         0.23405391503          1.0000000
S   1
1         0.90268814613E-01      1.0000000
P   4
1        10.672046293            0.14391258793
2         7.1992185915          -0.37994608603
3         1.5359697528           0.53268032065
4         0.72201275727          0.23037698678
P   1
1         2.8508661858           1.0000000
P   1
1         0.23769418731          1.0000000
P   1
1         0.78768140453E-01      1.0000000
D   5
1        15.834273510            0.85062993231E-02
2         7.0956896087          -0.65954380016E-01
3         2.3363137007           0.33707163406
4         1.1208861366           0.49128719933
5         0.50309487376          0.29095930644
D   1
1         0.20000000000          1.0000000

