S   5
1       839.31830086            -0.55929201074E-02
2       126.26464843            -0.41565520771E-01
3        28.620600763           -0.18299816983
4         7.8793722710          -0.46540391866
5         2.4088857172          -0.44173884791
S   1
1         0.25105109036          1.0000000
S   1
1         0.83648866069E-01      1.0000000
P   3
1         6.0332223619          -0.35603672456E-01
2         1.2499157866          -0.19895775769
3         0.33871676350         -0.50850202618
P   1
1         0.96415632351E-01      1.0000000
D   1
1         0.5000000              1.0000000

