S   6
1    113286.3877600              0.14283037779E-02
2     17009.6263030              0.10950417496E-01
3      3870.1842567              0.54421006604E-01
4      1093.0357227              0.19047907695
5       356.39721797             0.39024642737
6       123.12539643             0.30814432514
S   3
1       236.74084007            -0.11228065671
2        28.468661070            0.64775962312
3        11.883443722            0.44235575986
S   3
1        21.269633312           -0.22642576323
2         3.6129226841           0.73823712008
3         1.6626648969           0.42683868694
S   1
1         0.34823793232          1.0000000
S   1
1         0.13019031394          1.0000000
P   5
1      1560.2801881              0.87166669072E-02
2       368.47859205             0.66243637420E-01
3       117.22978849             0.26495610385
4        42.648909248            0.53839160587
5        16.087225096            0.36579387888
P   3
1         8.6352810058           0.34248787366
2         3.5613665502           0.57500678213
3         1.5292626609           0.24330394172
P   1
1         0.53064294848          1.0000000
P   1
1         0.15702758965          1.0000000
D   4
1       104.85518642             0.22650147581E-01
2        30.281143688            0.13455483230
3        10.651394267            0.36474454537
4         3.8699456233           0.49044587056
D   1
1         1.3240876762            .27137289040
D   1
1         0.3890000              1.0000000

