S   3
1         9.7270110000          -1.7930075316
2         7.8375230000           2.6110318971
3         5.0891940000           0.10748428949
S   1
1         1.4981738327           1.0000000
S   1
1         0.67281383129          1.0000000
S   1
1         0.13297424875          1.0000000
S   1
1         0.46915090488E-01      1.0000000
P   4
1         4.7427160000          -1.0411923051
2         3.9366550000           1.1003682332
3         1.3569243142           0.65366639411
4         0.58791569541          0.24632369113
P   1
1         0.21371239619          1.0000000
P   1
1         0.0516000              1.0000000
D   4
1         7.8631040859          -0.21376239365E-01
2         3.2935059133           0.22596399568
3         1.4503676025           0.45294402972
4         0.59373316766          0.39218971958231E+00
D   1
1         0.21760141520          1.0000000

