S   3
1         5.8778113443           0.12859994983
2         4.3631538286          -0.34632569725
3         1.8048475155           0.69930637051
S   1
1         0.37485237136          1.0000000
S   1
1         0.16384858778          1.0000000
S   1
1         0.27230462048E-01      1.0000000
S   1
1         0.11991533212E-01      1.0000000
P   4
1         4.2751856154           0.45723074174E-01
2         1.9656663360          -0.25019961976
3         0.47689195212          0.55660850066
4         0.21529749588          0.58218553406
P   1
1         0.91450850296E-01      1.0000000
P   1
1         0.17592078473E-01      1.0000000
D   1
1         0.1330000              1.0000000
D   1
1         0.33216214821E-01      1.0000000

