S   6
1     35138.7139290              0.39482520740E-02
2      5276.4111348              0.30234243552E-01
3      1200.4692589              0.14952019681
4       338.71810542             0.51597345713
5       109.85385922             1.0339510296
6        37.608880299            0.76937933526
S   3
1        73.107977555           -0.28268525011
2         8.2407705688           1.6796092142
3         3.2959812993           1.2803766016
S   3
1         5.2341800914          -0.76868604561E-02
2         0.84187220515          0.25382375978E-01
3         0.36510294029          0.16512171511E-01
S   1
1         0.51222402884E-01      1.0000000
S   1
1         0.19825111408E-01      1.0000000
P   5
1       413.11313893             0.20327135354E-01
2        96.935786224            0.14730276362
3        30.372154659            0.54887167322
4        10.684776830            1.0440659818
5         3.8821258350           0.68653490684
P   3
1         1.7993016295           0.75410246871
2         0.69189056530          1.3409296599
3         0.26364024096          0.56391989435
P   1
1         0.0749790              1.0000000
D   3
1         5.4979093879           0.73770011433E-01
2         1.3177128032           0.26052853169
3         0.32188682649          0.45233836380
D   1
1         0.70528614919E-01      1.0000000

