S   5
1      1238.4016938              0.54568832082E-02
2       186.29004992             0.40638409211E-01
3        42.251176346            0.18025593888
4        11.676557932            0.46315121755
5         3.5930506482           0.44087173314
S   1
1         0.40245147363          1.0000000
S   1
1         0.13090182668          1.0000000
P   3
1         9.4680970621           0.38387871728E-01
2         2.0103545142           0.21117025112
3         0.54771004707          0.51328172114
P   1
1         0.15268613795          1.0000000
D   1
1         0.8000000              1.0000000

