CD-ECP GEN    28    3
2     ----- f-ul potential -----
    -35.47662555      2      15.1847957
     -5.61767685      2       7.5923978
4     ----- s-f potential -----
    270.00948324      2      13.8358689
     38.76730798      2       6.8572704
     35.47662555      2      15.1847957
      5.61767685      2       7.5923978
4     ----- p-f potential -----
    193.82962939      2      12.4049710
     31.89652523      2       6.5677995
     35.47662555      2      15.1847957
      5.61767685      2       7.5923978
4     ----- d-f potential -----
     79.19364700      2      10.8969253
     13.23082674      2       4.6411649
     35.47662555      2      15.1847957
      5.61767685      2       7.5923978
