S   5
1     66920.681013               0.53354568996E-05
2      7142.4189995              0.62906813794E-04
3      1149.2279001              0.40871341262E-03
4       626.04740004             0.80490572888E-04
5       137.28129971             0.35588954015E-02
S   1
1        36.635533038            1.0000000
S   1
1        25.975592159            1.0000000
S   1
1        11.889999574            1.0000000
S   1
1         3.0252141613           1.0000000
S   1
1         1.5668772369           1.0000000
S   1
1         0.59326815387          1.0000000
S   1
1         0.26343106489          1.0000000
S   1
1         0.49133748072E-01      1.0000000
S   1
1         0.20685546487E-01      1.0000000
P   5
1       327.07561956            -0.33489743734E-03
2       109.94564007            -0.26261015536E-03
3        21.575915783           -0.70670945942E-01
4        13.204880001            0.24802797004
5         2.9004539974          -0.25830993994
P   3
1         6.4426597317          -0.10809251998
2         3.7874569108          -0.23799974996
3         1.8328214809          -0.19753993006
P   1
1         1.0537771288           1.0000000
P   1
1         0.52732910422          1.0000000
P   1
1         0.21315321772          1.0000000
P   1
1         0.34898392874E-01      1.0000000
D   6
1       351.43296951             0.15414562406E-03
2       111.98285958             0.72060746618E-03
3        35.871595375            0.60155762879E-02
4        13.727132278           -0.62660281656E-01
5         7.4300189900           0.18024001053
6         3.3622108638           0.43307483998
D   1
1         1.4312365877           1.0000000
D   1
1         0.43709174268          1.0000000
D   1
1         0.12735487202          1.0000000
F   5
1        79.378991738            0.45766774117E-02
2        28.911396995            0.33441257011E-01
3        13.740248106            0.84318250193E-01
4         6.2266295633           0.21059890002
5         2.5207644234           0.32118186996
F   1
1         0.94811920472          1.0000000
F   1
1         0.31387499838          1.0000000

