S   6
1     51528.0863490              0.14405823106E-02
2      7737.2103487              0.11036202287E-01
3      1760.3748470              0.54676651806E-01
4       496.87706544             0.18965038103
5       161.46520598             0.38295412850
6        55.466352268            0.29090050668
S   3
1       107.54732999            -0.10932281100
2        12.408671897            0.64472599471
3         5.0423628826           0.46262712560
S   3
1         8.5461640165          -0.22711013286
2         1.3900441221           0.73301527591
3         0.56066602876          0.44225565433
S   1
1         0.71483705972E-01      1.0000000
S   1
1         0.28250687604E-01      1.0000000
P   5
1       640.48536096             0.96126715203E-02
2       150.69711194             0.70889834655E-01
3        47.503755296            0.27065258990
4        16.934120165            0.52437343414
5         6.2409680590           0.34107994714
P   3
1         3.0885463206           0.33973986903
2         1.1791047769           0.57272062927
3         0.43369774432          0.24582728206
P   1
1         0.1206750              1.0000000
D   4
1        27.559479426            0.30612488044E-01
2         7.4687020327           0.15593270944
3         2.4345903574           0.36984421276
4         0.78244754808          0.47071118077
D   1
1         0.21995774311           .33941649889

