S   5
1     78529.948072               0.13813867260E-03
2     11854.699114               0.10361396066E-02
3      2717.9950256              0.48454778423E-02
4       778.14268262             0.14383726252E-01
5       242.08688500             0.21605187258E-01
S   1
1        48.350673998            1.0000000
S   1
1        31.843930831            1.0000000
S   1
1        16.873742242            1.0000000
S   1
1         4.2046140095           1.0000000
S   1
1         2.1291156307           1.0000000
S   1
1         0.78388753844          1.0000000
S   1
1         0.34245228534          1.0000000
S   1
1         0.59190583219E-01      1.0000000
S   1
1         0.23700815387E-01      1.0000000
P   5
1       376.96796859            -0.37870755201E-02
2        98.858655817           -0.11877107583E-01
3        26.884229461           -0.71362700005E-01
4        16.404088678            0.24138094015
5         3.8008754878          -0.26876671005
P   3
1        11.010202433           -0.11784210992
2         5.4423045780          -0.24425209995
3         2.0660769990          -0.17827309973
P   1
1         1.1129094543           1.0000000
P   1
1         0.42234512660          1.0000000
P   1
1         0.12007617075          1.0000000
P   1
1         0.32387494996E-01      1.0000000
D   6
1       408.90774405             0.97993647933E-03
2       125.19030341             0.73347503213E-02
3        46.688028092            0.32878974607E-01
4        18.759769159            0.63400352120E-01
5         7.7821827368           0.31045745027
6         3.7424993815           0.44334918007
D   1
1         1.6344044471           1.0000000
D   1
1         0.48583613489          1.0000000
D   1
1         0.13345802106          1.0000000
F   5
1        86.149632622            0.13278377228E-01
2        34.717048147            0.71385053945E-01
3        16.899122478            0.15811715085
4         7.9036466066           0.28912595001
5         3.4136465041           0.34964378005
F   1
1         1.3694068892           1.0000000
F   1
1         0.47978951260          1.0000000

