S   5
1     89905.087967               0.62781657270E-04
2     13532.874009               0.47657103982E-03
3      3087.3041851              0.22605413622E-02
4       870.91988365             0.67086319856E-02
5       263.42619956             0.10879330861E-01
S   1
1        52.500713895            1.0000000
S   1
1        37.581382089            1.0000000
S   1
1        18.912971679            1.0000000
S   1
1         4.6239214498           1.0000000
S   1
1         2.3041930973           1.0000000
S   1
1         0.85863412999          1.0000000
S   1
1         0.37110262826          1.0000000
S   1
1         0.61662491480E-01      1.0000000
S   1
1         0.24584445323E-01      1.0000000
P   5
1       414.60237000            -0.48621713352E-02
2       108.84329626            -0.15954630848E-01
3        31.617029575           -0.56262592664E-01
4        16.756354088            0.23405978991
5         4.3246811920          -0.30821373958
P   3
1        12.016230353           -0.14605900029
2         6.0054176475          -0.21361596969
3         2.4556283406          -0.17724687980
P   1
1         1.6586351400           1.0000000
P   1
1         0.68003410285          1.0000000
P   1
1         0.27167236103          1.0000000
P   1
1         0.68570272858E-01      1.0000000
P   1
1         0.26118405217E-01      1.0000000
D   6
1       442.45728590             0.14478671600E-02
2       134.20246886             0.11547711137E-01
3        51.740820342            0.46847287330E-01
4        21.674727910            0.10408299926
5         8.6565948052           0.28843400029
6         4.2019652925           0.44983300012
D   1
1         1.8425605547           1.0000000
D   1
1         0.53932759071          1.0000000
D   1
1         0.14463366682          1.0000000
F   5
1        97.460421254            0.11457647551E-01
2        37.497554672            0.72156098423E-01
3        18.142214451            0.16596525079
4         8.6138851625           0.29062700003
5         3.7452822405           0.35241091001
F   1
1         1.4954025305           1.0000000
F   1
1         0.52001167737          1.0000000

