S   5
1     70059.419949               0.99197881972E-04
2     10776.234966               0.70975938746E-03
3      2482.4900699              0.33691158275E-02
4       704.07506082             0.10209902958E-01
5       216.79260142             0.16593060495E-01
S   1
1        41.471766837            1.0000000
S   1
1        29.498972710            1.0000000
S   1
1        15.057310790            1.0000000
S   1
1         3.7727553910           1.0000000
S   1
1         1.9221051172           1.0000000
S   1
1         0.71313201845          1.0000000
S   1
1         0.30957297075          1.0000000
S   1
1         0.54890137237E-01      1.0000000
S   1
1         0.22706210302E-01      1.0000000
P   5
1       363.81825643            -0.18457241391E-02
2       105.32639881            -0.55154684182E-02
3        25.605685306           -0.75874760044E-01
4        15.746330058            0.24469517993
5         3.3155465132          -0.26310272012
P   3
1         7.3890693878          -0.10983328004
2         4.5696085919          -0.24311507006
3         1.9405010919          -0.18613840990
P   1
1         0.90025203113          1.0000000
P   1
1         0.34467925482          1.0000000
P   1
1         0.99026561981E-01      1.0000000
P   1
1         0.27117030486E-01      1.0000000
D   6
1       388.95843069             0.48491161287E-03
2       118.25438952             0.40594973114E-02
3        44.980829930            0.16014298481E-01
4        22.794111850            0.12393364502E-01
5         7.7117339945           0.27043836001
6         3.9280999668           0.44542158001
D   1
1         1.9018719826           1.0000000
D   1
1         0.83079077308          1.0000000
D   1
1         0.15011757356          1.0000000
F   5
1        77.583757677            0.10553012459E-01
2        30.866596970            0.58875716023E-01
3        15.180664105            0.12662002048
4         7.2916025684           0.25335075021
5         3.1127394549           0.34800837980
F   1
1         1.2059599667           1.0000000
F   1
1         0.40570730226          1.0000000

