S   5
1      2894.8325990             -0.53408255515E-02
2       435.41939120            -0.39904258866E-01
3        98.843328866           -0.17912768038
4        27.485198001           -0.46758090825
5         8.5405498171          -0.44653131020
S   1
1         1.0654578038           1.0000000
S   1
1         0.33247346748          1.0000000
P   3
1        22.696633924           -0.45212874436E-01
2         4.9872339257          -0.23754317067
3         1.3491613954          -0.51287353587
P   1
1         0.34829881977          1.0000000
D   1
1         1.4000000              1.0000000

