S   5
1     70672.988842               0.13491222598E-03
2     10580.420123               0.10050373452E-02
3      2466.3122578              0.46044857317E-02
4       713.68236714             0.13578154286E-01
5       223.69591430             0.20914481676E-01
S   1
1        42.882440855            1.0000000
S   1
1        30.594960649            1.0000000
S   1
1        15.796292588            1.0000000
S   1
1         3.9530122875           1.0000000
S   1
1         2.0083476883           1.0000000
S   1
1         0.74791439757          1.0000000
S   1
1         0.32543426236          1.0000000
S   1
1         0.58171880053E-01      1.0000000
S   1
1         0.23662469351E-01      1.0000000
P   5
1       366.75975373            -0.23557870017E-02
2        99.807077813           -0.74172969981E-02
3        25.498862418           -0.75604159993E-01
4        15.824827186            0.24452015993
5         3.4693745369          -0.26401503013
P   3
1         8.2258167560          -0.11016579005
2         4.7846927151          -0.24309982006
3         2.0168765835          -0.18593105989
P   1
1         0.97079278533          1.0000000
P   1
1         0.37486899889          1.0000000
P   1
1         0.10441243843          1.0000000
P   1
1         0.28325755449E-01      1.0000000
D   6
1       405.72356198             0.58721238134E-03
2       123.05344944             0.51412189041E-02
3        46.085118127            0.21448973302E-01
4        20.104383231            0.29566788500E-01
5         7.8258997682           0.28823956979
6         3.9400714322           0.44970385020
D   1
1         1.8215864237           1.0000000
D   1
1         0.59087478853          1.0000000
D   1
1         0.16712976332          1.0000000
F   5
1        83.081389310            0.10738945322E-01
2        32.747387574            0.62668424876E-01
3        16.030306565            0.13767548062
4         7.5799787884           0.27070610989
5         3.2777593125           0.34421737998
F   1
1         1.3242580569           1.0000000
F   1
1         0.46934193279          1.0000000

