S   6
1     87842.1262960              0.14271588798E-02
2     13189.4964020              0.10938894097E-01
3      3000.9482141              0.54308200127E-01
4       847.38425966             0.18951055983
5       276.00980642             0.38615185918
6        95.216672071            0.30051082719
S   3
1       184.00703968            -0.11124461963
2        21.827051433            0.64831322918
3         9.0026963761           0.44358383594
S   3
1        16.033176938           -0.23014299555
2         2.6707724878           0.72946861516
3         1.1252834170           0.46214976951
S   1
1         0.15967608829          1.0000000
S   1
1         0.57643044753E-01      1.0000000
P   5
1      1167.2665844              0.90974021307E-02
2       275.38062789             0.68456273343E-01
3        87.375073070            0.26922293888
4        31.597254670            0.53507897882
5        11.824122798            0.35279062760
P   3
1         6.2881845133           0.33938244530
2         2.5199853240           0.56871947608
3         1.0169726306           0.27717694939
P   1
1         0.24748373604          1.0000000
P   1
1         0.66685294163E-01      1.0000000
D   4
1        65.354237674            0.27370146382E-01
2        18.504656747            0.15099463976
3         6.3179620632           0.37485328545
4         2.1641389426           0.47510606851
D   1
1         0.66693092754           .29843287401
D   1
1         0.2070000              1.0000000

