S   6
1     93889.8366420              0.14233976060E-02
2     14097.4975280              0.10910795654E-01
3      3207.5477309              0.54183705943E-01
4       905.76727269             0.18922820349
5       295.11014693             0.38612847001
6       101.84713141             0.30164050736
S   3
1       196.56719662            -0.11118770940
2        23.405292522            0.64616007369
3         9.6839116702           0.44188904568
S   3
1        17.269736544           -0.23027421375
2         2.8964622160           0.73017169398
3         1.2553621412           0.46197222255
S   1
1         0.20213081492          1.0000000
S   1
1         0.73867910982E-01      1.0000000
P   5
1      1259.2085995              0.90115464252E-02
2       297.15626382             0.67986841689E-01
3        94.353387522            0.26853856488
4        34.176329677            0.53659649219
5        12.816139615            0.35633514961
P   3
1         6.8471029784           0.33900693119
2         2.7717363939           0.56809365264
3         1.1458418175           0.27246539884
P   1
1         0.30679631536          1.0000000
P   1
1         0.89283644115E-01      1.0000000
D   4
1        74.782168177            0.25755860205E-01
2        21.310849759            0.14536816132
3         7.3464792363           0.37134209859
4         2.5656271395           0.48002998436
D   1
1         0.81981773070           .28978790744
D   1
1         0.2460000              1.0000000

