S   2
1        20.115299000           -0.15910719389
2        12.193477000            0.79105526778
S   1
1         6.0735294368           1.0000000
S   1
1         1.3174451569           1.0000000
S   1
1         0.58596768244          1.0000000
S   1
1         0.13875427354          1.0000000
S   1
1         0.48876985527E-01      1.0000000
P   4
1         8.6096650000           0.50053018599
2         7.3353260000          -0.72681584494
3         1.6575296365           0.57315511417
4         0.78159310216          0.49579068859
P   1
1         0.32384840661          1.0000000
P   1
1         0.0540000              1.0000000
D   4
1         4.1439490000          -0.37099566643
2         3.5682570000           0.40197233762
3         1.2345757130           0.46001988624
4         0.48190232338          0.46152130957882E+00
D   1
1         0.16490636769          1.0000000

