S   2
1        14.592485000           -0.80196298812
2        11.547491000            1.5261602829
S   1
1         4.9112973928           1.0000000
S   1
1         0.79665469409          1.0000000
S   1
1         0.34234072894          1.0000000
S   1
1         0.98109197714E-01      1.0000000
S   1
1         0.36190984443E-01      1.0000000
P   4
1         6.7265310000           0.65076205465872
2         5.9599790000          -0.83713508620273
3         1.0921117054           0.50570506286223
4         0.49702823217          0.51965388690539
P   1
1         0.20258973792          1.0000000
P   1
1         0.0336000              1.0000000
D   4
1         3.9820623229          -0.042446023944105
2         1.3077987772           0.18409232564002
3         0.53272310298          0.41484423515705
4         0.20564954488          0.44224303496859
D   1
1         0.73099858787E-01      1.0000000

