S   5
1     86373.971970               0.79015833237E-04
2     13014.199991               0.59044153582E-03
3      2974.2416816              0.28044165532E-02
4       841.50102397             0.83654110434E-02
5       258.12229953             0.13417454822E-01
S   1
1        49.797436241            1.0000000
S   1
1        35.619129432            1.0000000
S   1
1        18.132831603            1.0000000
S   1
1         4.4388465321           1.0000000
S   1
1         2.2178997015           1.0000000
S   1
1         0.82910712504          1.0000000
S   1
1         0.35754269507          1.0000000
S   1
1         0.60448304436E-01      1.0000000
S   1
1         0.24325813546E-01      1.0000000
P   5
1       375.06118609            -0.46796071569E-02
2        99.913165016           -0.14195747920E-01
3        27.864912243           -0.67656444679E-01
4        16.549344888            0.23909121016
5         3.9370381918          -0.28419176015
P   3
1        11.888029769           -0.12903641994
2         5.8162113192          -0.22873476010
3         2.1380311989          -0.17723865993
P   1
1         1.5218672655           1.0000000
P   1
1         0.62990396448          1.0000000
P   1
1         0.24707353259          1.0000000
P   1
1         0.38623978525E-01      1.0000000
D   6
1       454.17722117             0.10110825311E-02
2       138.09620072             0.83338313893E-02
3        52.230007807            0.35618173184E-01
4        21.837837917            0.76820126208E-01
5         8.5371238221           0.29226370021
6         4.1763491634           0.45716800011
D   1
1         1.8539028382           1.0000000
D   1
1         0.55365841853          1.0000000
D   1
1         0.15020740951          1.0000000
F   5
1       108.24992900             0.85764844126E-02
2        40.685432927            0.62987987351E-01
3        18.662280664            0.16365688122
4         8.3486301092           0.29582468954
5         3.5665363921           0.34369415009
F   1
1         1.4413881005           1.0000000
F   1
1         0.50707136518          1.0000000

