IN-ECP GEN    28    3
2     ----- f-ul potential -----
    -13.72807800      2      12.53905600
    -18.20686600      2      12.55256100
4     ----- s-f potential -----
    281.12235000      2      15.39282200
     61.90147000      2       8.05586400
     13.72807800      2      12.53905600
     18.20686600      2      12.55256100
6     ----- p-f potential -----
     67.46215400      2      13.92867200
    134.94925000      2      13.34723400
     14.74614000      2       7.61413200
     29.63926200      2       7.31836500
     13.72807800      2      12.53905600
     18.20686600      2      12.55256100
6     ----- d-f potential -----
     35.49325400      2      14.03471500
     53.17877300      2      14.51161600
      9.17728100      2       5.55055000
     12.39241000      2       5.05941500
     13.72807800      2      12.53905600
     18.20686600      2      12.55256100
