S   6
1       445.90489176             0.20037290389E-02
2        23.336842412           -0.14989397324
3        19.583446104            0.36436474913
4         8.5112089186          -0.75538138199
5         2.1996161861           0.82816359356
6         1.0668970454           0.42161048110
S   2
1        11.720547572           -0.16160234511E-01
2         1.7625986449           0.35271525193
S   1
1         0.28697476318          1.0000000
S   1
1         0.11227609607          1.0000000
P   4
1        20.499027254            0.77159335656E-01
2        10.558754576           -0.38370372780
3         1.5015895485           0.83554174719
4         0.64597173095          0.16787259488
P   1
1         3.0288656771           1.0000000
P   1
1         0.34506591841          1.0000000
P   1
1         0.11134513813          1.0000000
D   5
1        51.235354920            0.40345130346E-02
2        15.616239482           -0.50768108881E-02
3         4.5266002139           0.29151065356
4         2.0529808766           0.51145783605
5         0.87640281623          0.31232025297
D   1
1         0.30900000000          1.0000000

