S   2
1         5.0873990000          -0.44173707857
2         4.2709780000           0.85812489720
S   1
1         2.1823803999           1.0000000
S   1
1         0.48954926461          1.0000000
S   1
1         0.23292032550          1.0000000
S   1
1         0.55595529876E-01      1.0000000
S   1
1         0.22795184937E-01      1.0000000
P   4
1         3.0251610000          -0.28580266654872E+00
2         2.3820950000           0.51718364643673E+00
3         0.67246658081         -0.44823115995325E+00
4         0.32519427171         -0.58864843929619E+00
P   1
1         0.13635489374          1.0000000
P   1
1         0.0251000              1.0000000
D   4
1         1.2667182018          -0.17445579381106E+00
2         0.89049882672          0.25137236211233E+00
3         0.32947291040          0.44604068239531E+00
4         0.13398788830          0.44878277154181E+00
D   1
1         0.51275503081E-01      1.0000000

