S   5
1     95170.170993               0.22048071918E-04
2     15488.459998               0.14580380945E-03
3      3776.2465986              0.65203151917E-03
4      1079.0522042              0.20386734814E-02
5       268.95400890             0.51271478497E-02
S   1
1        63.480150654            1.0000000
S   1
1        45.178236733            1.0000000
S   1
1        21.463101062            1.0000000
S   1
1         5.3501284738           1.0000000
S   1
1         2.6784324209           1.0000000
S   1
1         1.0286996374           1.0000000
S   1
1         0.44065582250          1.0000000
S   1
1         0.79102478336E-01      1.0000000
S   1
1         0.31295760125E-01      1.0000000
P   5
1       489.41244804            -0.59172755508E-02
2       133.95373952            -0.17374475216E-01
3        45.499231322           -0.35436272607E-01
4        15.561271894            0.23702673982
5         5.8487824789          -0.30715978024
P   3
1        12.304490544           -0.15335298012
2        11.051197278           -0.20411242014
3         2.0069549241          -0.19274218978
P   1
1         3.7750599965           1.0000000
P   1
1         1.1351251245           1.0000000
P   1
1         0.40414348915          1.0000000
P   1
1         0.81876438258E-01      1.0000000
P   1
1         0.29091071778E-01      1.0000000
D   6
1       487.98257108             0.22003768687E-02
2       146.93406718             0.17961502146E-01
3        55.761579916            0.74133589068E-01
4        22.898741759            0.16158924962
5         9.1045787832           0.30816877026
6         4.1457846324           0.44860151987
D   1
1         1.7383363795           1.0000000
D   1
1         0.47338644306          1.0000000
D   1
1         0.12126581102          1.0000000
F   5
1       110.27466442             0.10473142686E-01
2        41.223249497            0.75005497458E-01
3        17.728967182            0.20262004978
4         7.4262392641           0.30601327947
5         3.0434594520           0.29349093032
F   1
1         1.1752462623           1.0000000
F   1
1         0.38920482897          1.0000000

