S   5
1      4953.8339196             -0.57778967498E-02
2       745.18044154            -0.43124761082E-01
3       169.21604972            -0.19268216987
4        47.300672019           -0.48641439116
5        14.461336973           -0.42550894077
S   3
1        24.768174789            0.87956969984E-01
2         2.4940945349          -0.55165058128
3         0.87807584533         -0.53443294833
S   1
1         0.87212782497E-01      1.0000000
S   1
1         0.33599293780E-01      1.0000000
P   5
1        98.053010494           -0.14480564601E-01
2        22.586932277           -0.95495750787E-01
3         6.8391509842          -0.30787672651
4         2.2332843818          -0.49936292886
5         0.71606599387         -0.31503476213
P   1
1         0.18914796195          1.0000000
P   1
1         0.53768755187E-01      1.0000000
D   1
1         0.1010000              1.0000000

