S   6
1     56137.0090370              0.14321304702E-02
2      8429.2063943              0.10972509162E-01
3      1917.8277233              0.54382468712E-01
4       541.36230198             0.18884335129
5       176.00069142             0.38198025054
6        60.500477010            0.29156772596
S   3
1       117.17282882            -0.10933661328
2        13.596973368            0.64305039431
3         5.5483996341           0.45848970584
S   3
1         9.4662853530          -0.22538977259
2         1.5595006070           0.72307758657
3         0.65230205868          0.45300721536
S   1
1         0.84003734475E-01      1.0000000
S   1
1         0.31256098581E-01      1.0000000
P   5
1       706.00497535             0.95055518167E-02
2       166.19728820             0.70356271142E-01
3        52.452061906            0.27005556982
4        18.746932862            0.52574344602
5         6.9282991622           0.34254033223
P   3
1         3.4772204938           0.33994073736
2         1.3406906449           0.57203836254
3         0.50498803038          0.23847605831
P   1
1         0.1276500              1.0000000
D   4
1        35.423264935            0.26985304111E-01
2         9.7814221451           0.14383458648
3         3.2673488767           0.36418958377
4         1.1026472189           0.48152670661
D   1
1         0.33743205934           .31458754360

