S   2
1        26.842049000           -0.26845096483E-01
2        10.320909000            0.81771278143
S   1
1         6.3656242291           1.0000000
S   1
1         1.3898932095           1.0000000
S   1
1         0.63706742699          1.0000000
S   1
1         0.16047725098          1.0000000
S   1
1         0.56410423453E-01      1.0000000
P   4
1         9.7729900000           0.21210940502
2         7.1690950000          -0.44026342153
3         1.7559567931           0.58406314464
4         0.83145670425          0.49359746203
P   1
1         0.34494917659          1.0000000
P   1
1         0.07000000000          1.0000000
D   4
1         4.2800000000          -0.32033414305491
2         3.4800000000           0.37748470203231
3         1.2535869926           0.48342275878173
4         0.50841366863          0.43493523158359
D   1
1         0.18501599388          1.0000000

