MO-ECP GEN    28    3
2     ----- f-ul potential -----
    -24.80517707      2       9.4500000
     -4.15378155      2       4.7200000
4     ----- s-f potential -----
    180.10310850      2       9.7145938
     24.99722791      2       4.6805004
     24.80517707      2       9.4500000
      4.15378155      2       4.7200000
4     ----- p-f potential -----
    123.77275231      2       8.1421366
     19.53022800      2       4.6259863
     24.80517707      2       9.4500000
      4.15378155      2       4.7200000
4     ----- d-f potential -----
     48.37502229      2       6.6184148
      8.89205274      2       3.2487516
     24.80517707      2       9.4500000
      4.15378155      2       4.7200000
