S   3
1         7.2033800000          -0.89310617237
2         5.0522950000           1.6074095756
3         2.9135330000           0.27804186088
S   1
1         0.97858218681          1.0000000
S   1
1         0.44369153753          1.0000000
S   1
1         0.92150090705E-01      1.0000000
S   1
1         0.34802246935E-01      1.0000000
P   4
1         3.1518660000          -0.71873040872
2         2.4534820000           0.76442887870
3         0.85030192180          0.64808585640
4         0.36918237179          0.26792115234
P   1
1         0.13490627460          1.0000000
P   1
1         0.38200000000E-01      1.0000000
D   4
1         5.0044445497          -0.21587364862E-01
2         1.7736823324           0.20958680086
3         0.76950591696          0.43730880599
4         0.31530878939          0.41123927009
D   1
1         0.11754374390          1.0000000

