NB-ECP GEN    28    3
2     ----- f-ul potential -----
    -22.92954996      2       8.4900000
     -3.66630986      2       4.2500000
4     ----- s-f potential -----
    165.17914349      2       8.9000000
     21.99297437      2       4.4300000
     22.92954996      2       8.4900000
      3.66630986      2       4.2500000
4     ----- p-f potential -----
    111.79441445      2       7.7700000
     16.63348326      2       3.9600000
     22.92954996      2       8.4900000
      3.66630986      2       4.2500000
4     ----- d-f potential -----
     38.11224880      2       6.0500000
      8.03916727      2       2.8400000
     22.92954996      2       8.4900000
      3.66630986      2       4.2500000
