S   5
1     67945.589998               0.15299711665E-04
2      9404.4082999              0.12674409408E-03
3      2084.3176993              0.61221710105E-03
4       586.98950146             0.17739474060E-02
5       142.94059959             0.53914813391E-02
S   1
1        39.693624133            1.0000000
S   1
1        28.133555003            1.0000000
S   1
1        13.073869856            1.0000000
S   1
1         3.3462733223           1.0000000
S   1
1         1.7240490407           1.0000000
S   1
1         0.64202940985          1.0000000
S   1
1         0.28282444878          1.0000000
S   1
1         0.51912354259E-01      1.0000000
S   1
1         0.21699999987E-01      1.0000000
P   5
1       337.91791098            -0.68684743279E-03
2       106.72630985            -0.15787010610E-02
3        22.902021939           -0.72541473805E-01
4        14.182626993            0.24738324005
5         2.9833820008          -0.25916927995
P   3
1         6.6991804793          -0.10880817996
2         4.1313898195          -0.24075763993
3         1.9296521950          -0.19053217011
P   1
1         0.98289917086          1.0000000
P   1
1         0.46725112090          1.0000000
P   1
1         0.19101301246          1.0000000
P   1
1         0.32216083150E-01      1.0000000
D   6
1       349.97103999             0.25325849637E-03
2       106.30916032             0.19954104062E-02
3        38.084790456            0.10264026870E-01
4        15.190266675           -0.31479363586E-01
5         7.3468424902           0.22394642000
6         3.7457186247           0.43695051001
D   1
1         1.8206864375           1.0000000
D   1
1         0.80467431362          1.0000000
D   1
1         0.15580459753          1.0000000
F   5
1        77.665409193            0.63307674623E-02
2        29.584871085            0.43162867647E-01
3        14.306700869            0.98413837402E-01
4         6.7961131907           0.22166241017
5         2.8312623068           0.33558116987
F   1
1         1.0716150265           1.0000000
F   1
1         0.35287431856          1.0000000

