S   5
1      3598.9736625             -0.53259297003E-02
2       541.32073112            -0.39817417969E-01
3       122.90450062            -0.17914358188
4        34.216617022           -0.46893582977
5        10.650584124           -0.44782537577
S   1
1         1.3545953960           1.0000000
S   1
1         0.41919362639          1.0000000
P   3
1        28.424053785           -0.46031944795E-01
2         6.2822510953          -0.23993183041
3         1.6978715079          -0.50871724964
P   1
1         0.43300700172          1.0000000
D   1
1         1.8880000              1.0000000

