S   6
1     71074.8032110              0.14260386729E-02
2     10672.0209410              0.10928236994E-01
3      2428.1389007              0.54212626938E-01
4       685.53595148             0.18874768902
5       223.10072863             0.38324616985
6        76.842014042            0.29550637144
S   3
1       148.71122016            -0.11014443059
2        17.459154987            0.64521426988
3         7.1625280665           0.44797838103
S   3
1        12.556137125           -0.22645403224
2         2.0735740488           0.72320959286
3         0.85382640602          0.44868026476
S   1
1         0.10536766271          1.0000000
S   1
1         0.38134087688E-01      1.0000000
P   5
1       916.73608662             0.93439635610E-02
2       216.06139913             0.69737374902E-01
3        68.383914817            0.27073495012
4        24.593843952            0.53078301549
5         9.1392960204           0.34410229438
P   3
1         4.7193371746           0.34076082016
2         1.8161849234           0.56580169611
3         0.67840750720          0.23616717361
P   1
1         0.1465880              1.0000000
D   4
1        47.093832108            0.28982316948E-01
2        13.146463975            0.15494995950
3         4.4170548925           0.37633115111
4         1.4771565078           0.47365096014
D   1
1         0.43735921792           .31247837833

