S   3
1         6.5663010000          -0.94917907866
2         4.5864380000           1.5736372883
3         3.7537700000           0.36380422981
S   1
1         0.84187717437          1.0000000
S   1
1         0.38160666177          1.0000000
S   1
1         0.85819911368E-01      1.0000000
S   1
1         0.32702330370E-01      1.0000000
P   4
1         3.0700630000          -0.51025115881
2         2.2379640000           0.53570598017
3         0.80801969671          0.63102216351
4         0.35783343432          0.30205908942
P   1
1         0.13820085283          1.0000000
P   1
1         0.0360000              1.0000000
D   4
1         4.6170975867          -0.13574476955E-01
2         1.5663438480           0.20374310496
3         0.66952425826          0.42997453105
4         0.27140946867          0.4179975484761
D   1
1         0.10054426592          1.0000000

