S   5
1      1712.8415853             -0.53934125305E-02
2       257.64812677            -0.40221581118E-01
3        58.458245853           -0.17931144990
4        16.198367905           -0.46376317823
5         5.0052600809          -0.44171422662
S   1
1         0.58731856571          1.0000000
S   1
1         0.18764592253          1.0000000
P   3
1        13.571470233           -0.40072398852E-01
2         2.9257372874          -0.21807045028
3         0.79927750754         -0.51294466049
P   1
1         0.21954348034          1.0000000
D   1
1         1.0000000              1.0000000

