S   2
1        15.286736000           -1.0647114485
2        12.700638000            1.8433193269
S   1
1         5.7094832504           1.0000000
S   1
1         1.0689228744           1.0000000
S   1
1         0.46783543749          1.0000000
S   1
1         0.13253456992          1.0000000
S   1
1         0.47101982911E-01      1.0000000
P   4
1         7.9362790000           0.33899369659
2         6.3036410000          -0.56379438345
3         1.4351579676           0.52360040577
4         0.68442749722          0.52445339821
P   1
1         0.28347394974          1.0000000
P   1
1         0.0581000              1.0000000
D   4
1         3.5808150000          -0.42773932262
2         3.1961650000           0.44501403992
3         1.0550226354           0.43689459722
4         0.41588406618          0.48220605798770E+00
D   1
1         0.14653507868          1.0000000

