S   5
1      2266.1767785             -0.53431809926E-02
2       340.87010191            -0.39890039230E-01
3        77.363135167           -0.17853911985
4        21.479644940           -0.46427684959
5         6.6589433124          -0.44309745172
S   1
1         0.80975975668          1.0000000
S   1
1         0.25530772234          1.0000000
P   3
1        17.721504317            0.43394573193E-01
2         3.8635505440           0.23094120765
3         1.0480920883           0.51375311064
P   1
1         0.27641544411          1.0000000
D   1
1         1.2000000              1.0000000

