PB-ECP GEN    60    3
2     ----- f-ul potential -----
     12.20989200      2       3.88751200
     16.19029100      2       3.81196300
4     ----- s-f potential -----
    281.28549900      2      12.29630300
     62.52021700      2       8.63263400
    -12.20989200      2       3.88751200
    -16.19029100      2       3.81196300
6     ----- p-f potential -----
     72.27689700      2      10.24179000
    144.59108300      2       8.92417600
      4.75869300      2       6.58134200
      9.94062100      2       6.25540300
    -12.20989200      2       3.88751200
    -16.19029100      2       3.81196300
6     ----- d-f potential -----
     35.84850700      2       7.75433600
     53.72434200      2       7.72028100
     10.11525600      2       4.97026400
     14.83373100      2       4.56378900
    -12.20989200      2       3.88751200
    -16.19029100      2       3.81196300
