PD-ECP GEN    28    3
2     ----- f-ul potential -----
    -31.92955431      2      13.2700000
     -5.39821694      2       6.6300000
4     ----- s-f potential -----
    240.22904033      2      12.4300000
     35.17194347      2       6.1707594
     31.92955431      2      13.2700000
      5.39821694      2       6.6300000
4     ----- p-f potential -----
    170.41727605      2      11.0800000
     28.47213287      2       5.8295541
     31.92955431      2      13.2700000
      5.39821694      2       6.6300000
4     ----- d-f potential -----
     69.01384488      2       9.5100000
     11.75086158      2       4.1397811
     31.92955431      2      13.2700000
      5.39821694      2       6.6300000
