S   5
1      8002.4795106              0.57503489302E-02
2      1203.6813590              0.43007628959E-01
3       273.44227031             0.19363986252
4        76.655541517            0.49651693399
5        23.516927435            0.44983262479
S   3
1        39.791683439            0.95188129789E-01
2         4.2770343323          -0.57649840368
3         1.6940256888          -0.54239583865
S   1
1         0.27567674644          1.0000000
S   1
1         0.10495590099          1.0000000
P   5
1       219.50755823             0.92100565257E-02
2        51.274155030            0.65409765745E-01
3        15.921595892            0.24033730279
4         5.5069913481           0.46318321788
5         1.9537719426           0.37392563382
P   1
1         0.47803397932          1.0000000
P   1
1         0.13657952621          1.0000000
D   1
1         0.4500000              1.0000000

