S   2
1        16.559563000           -0.53808800717
2        13.892440000            0.91402161377
S   1
1         5.8531044732           1.0000000
S   1
1         1.2498640609           1.0000000
S   1
1         0.55606439459          1.0000000
S   1
1         0.13793093812          1.0000000
S   1
1         0.48989034059E-01      1.0000000
P   4
1         8.1000000000           0.72955608128
2         7.2000000000          -0.95441807252
3         1.5588402917           0.57140490320
4         0.73230402180          0.49508234268
P   1
1         0.30270484669          1.0000000
P   1
1         0.50000000000E-01      1.0000000
D   4
1         4.6299536825          -0.87774450596E-01
2         2.1980241252           0.21158360681
3         0.93629991261          0.46533857641
4         0.37160028160          0.41129165525
D   1
1         0.13155928617          1.0000000

