PO-ECP GEN    60    3
4     ----- f-ul potential -----
     17.42829500      2       5.01327000
     23.38035300      2       4.98464000
      0.16339200      2       1.32676000
      0.32456600      2       1.52875800
6     ----- s-f potential -----
    283.24470600      2      13.27722700
     62.39646100      2       8.39951800
    -17.42829500      2       5.01327000
    -23.38035300      2       4.98464000
     -0.16339200      2       1.32676000
     -0.32456600      2       1.52875800
8     ----- p-f potential -----
     71.99171600      2      10.66568200
    143.97187100      2       9.28375300
      4.94961500      2       6.87274900
      9.74049900      2       6.32615000
    -17.42829500      2       5.01327000
    -23.38035300      2       4.98464000
     -0.16339200      2       1.32676000
     -0.32456600      2       1.52875800
8     ----- d-f potential -----
     36.37838300      2       8.21486600
     54.56271500      2       8.00869600
      9.88949900      2       5.05522700
     14.69387700      2       4.78255300
    -17.42829500      2       5.01327000
    -23.38035300      2       4.98464000
     -0.16339200      2       1.32676000
     -0.32456600      2       1.52875800
