S   6
1       278.13783916             0.91690497839E-03
2        19.659291105           -0.14713009283
3        15.016229647            0.38790413631
4         7.1149978720          -0.67059966298
5         1.7879214122           0.91212928327
6         0.94021655206          0.29153755200
S   2
1         8.7584161749          -0.21561417525E-01
2         1.6503945866           0.31638990001
S   1
1         0.26329582133          1.0000000
S   1
1         0.10190654304          1.0000000
P   4
1        10.445945973            0.23631841405
2         8.0293101888          -0.45017818996
3         1.3588798023           0.44160334658
4         0.66829182929          0.14575285544
P   1
1         2.4460635387           1.0000000
P   1
1         0.27242942777          1.0000000
P   1
1         0.88796031338E-01      1.0000000
D   5
1        18.292670150            0.72030963652E-02
2         7.1695578539          -0.66160544754E-01
3         2.5029225180           0.34363449378
4         1.2115945443           0.50529101033
5         0.54713334240          0.28301155453
D   1
1         0.21500000000          1.0000000

