S   6
1     31478.7467640              0.39838653994E-02
2      4726.8876066              0.30501759762E-01
3      1075.4345353              0.15073752622
4       303.39811023             0.51912939801
5        98.327112831            1.0366957005
6        33.636222177            0.76398963199
S   3
1        65.639209962           -0.28242617106
2         7.3162592218           1.6914935860
3         2.8902580135           1.2965331953
S   3
1         4.5459748965          -0.76343555273E-02
2         0.70404124062          0.25635718960E-01
3         0.28266888959          0.16606859208E-01
S   1
1         0.29058164020E-01      1.0000000
S   1
1         0.12111638157E-01      1.0000000
P   5
1       361.22492154             0.20906479823E-01
2        84.670222166            0.15043641740
3        26.469088236            0.55440061077
4         9.2658077615           1.0409009991
5         3.3423388293           0.67825341194
P   3
1         1.5100876104           0.75248191146
2         0.56568375163          1.3708585031
3         0.20817008495          0.66047633079
P   1
1         0.0417370              1.0000000
D   1
1         0.3530000              1.0000000
D   1
1         0.0980000              1.0000000

