S   5
1     66920.681015               0.76369340941E-05
2     10906.625000               0.51569193963E-04
3      2635.4146996              0.24501879969E-03
4       713.90510061             0.87722413549E-03
5       140.01389967             0.41756172123E-02
S   1
1        38.100154093            1.0000000
S   1
1        27.016551206            1.0000000
S   1
1        12.532871591            1.0000000
S   1
1         3.1667949543           1.0000000
S   1
1         1.6477546014           1.0000000
S   1
1         0.61574974082          1.0000000
S   1
1         0.27750298062          1.0000000
S   1
1         0.52191416356E-01      1.0000000
S   1
1         0.21039699571E-01      1.0000000
P   5
1       335.08596105            -0.39683096018E-03
2       109.62390003            -0.88479720880E-03
3        22.097167348           -0.70603385120E-01
4        13.617749969            0.24747714998
5         2.8337933994          -0.25776134002
P   3
1         6.4259834173          -0.10833966987
2         4.0716446267          -0.24027339995
3         1.8766169292          -0.19717944014
P   1
1         0.87659348545          1.0000000
P   1
1         0.43730332094          1.0000000
P   1
1         0.18792836188          1.0000000
P   1
1         0.35682474433E-01      1.0000000
D   6
1       354.29145885             0.19295285509E-03
2       107.35616142             0.98261801470E-03
3        36.668977420            0.78354085504E-02
4        14.289045043           -0.46781473828E-01
5         7.3106669747           0.20224393005
6         3.3824841621           0.43552238001
D   1
1         1.4547830236           1.0000000
D   1
1         0.44101265474          1.0000000
D   1
1         0.12674153308          1.0000000
F   5
1        80.308931263            0.51084883571E-02
2        29.466393817            0.40588973634E-01
3        14.273415822            0.87182341259E-01
4         6.9386163869           0.20857918012
5         2.9117157313           0.33235294992
F   1
1         1.1227836429           1.0000000
F   1
1         0.38494384331          1.0000000

