S   5
1     69643.016176               0.28524459838E-04
2     10512.975999               0.21910586809E-03
3      2302.5577969              0.11389150806E-02
4       604.32326068             0.36892815305E-02
5       155.76229941             0.77625627052E-02
S   1
1        43.173804972            1.0000000
S   1
1        27.981875362            1.0000000
S   1
1        13.759168425            1.0000000
S   1
1         3.4726211613           1.0000000
S   1
1         1.7876809716           1.0000000
S   1
1         0.66385932618          1.0000000
S   1
1         0.29432286562          1.0000000
S   1
1         0.53777377236E-01      1.0000000
S   1
1         0.22018456682E-01      1.0000000
P   5
1       339.76458492            -0.85533779048E-03
2       106.61582962            -0.22084780946E-02
3        23.794945082           -0.74383344179E-01
4        14.890097958            0.24496901994
5         3.1414930061          -0.26350303009
P   3
1         6.8176925828          -0.10890188998
2         4.2360890656          -0.23718506004
3         1.8070700790          -0.19282191998
P   1
1         0.83763790196          1.0000000
P   1
1         0.33437243501          1.0000000
P   1
1         0.96665953889E-01      1.0000000
P   1
1         0.29345374972E-01      1.0000000
D   6
1       340.78166324             0.40090731479E-03
2       103.67954340             0.26107865185E-02
3        37.212747099            0.14168064598E-01
4        16.602821939           -0.11024496723E-01
5         7.1740013083           0.24287043000
6         3.5481812680           0.43182902002
D   1
1         1.6031227152           1.0000000
D   1
1         0.52788598860          1.0000000
D   1
1         0.15181013129          1.0000000
F   5
1        72.470874239            0.93295004544E-02
2        29.754673135            0.48048088325E-01
3        15.159459966            0.10434721027
4         7.3059158563           0.23374544012
5         3.1235836074           0.34134276989
F   1
1         1.2296570326           1.0000000
F   1
1         0.42651965763          1.0000000

