S   5
1      5187.7442468              0.16097034848E-03
2       768.14491207             0.10508214789E-02
3       159.35182065             0.27375438093E-02
4        21.863432724           -0.55045904905
5        18.388689978            0.78321373922
S   2
1        24.816226448           -0.82636797204E-01
2         7.2923301677           1.0926256000
S   1
1         2.0850437166           1.0000000
S   1
1         1.0915245945           1.0000000
S   1
1         0.34915708428          1.0000000
S   1
1         0.13648422952          1.0000000
P   4
1         9.0845000304          -0.23093917426
2         6.2631489717           0.39747614192
3         2.2545193734           0.83026693838
4         1.1180666918           0.51467013112
P   3
1       194.68918723             0.26265814046E-03
2        11.210013525            0.19952302621
3         7.5298316489          -0.45994479561
P   1
1         0.47444492594          1.0000000
P   1
1         0.20172354616          1.0000000
P   1
1         0.79503144392E-01      1.0000000
D   6
1        75.302723665            0.73590238429E-03
2        17.965913830            0.89490827389E-02
3         7.3741298033          -0.76641663693E-01
4         3.2296258578           0.22975404602
5         1.7937840508           0.43991495311
6         0.94633319732          0.35259395198
D   1
1         0.46860482223          1.0000000
D   1
1         0.20000000000          1.0000000
F   1
1         2.1000000              1.0000000
F   1
1         0.4180600              1.0000000
$END

