RH-ECP GEN    28    3
2     ----- f-ul potential -----
    -30.09345572      2      12.3100000
     -5.21848192      2       6.1600000
4     ----- s-f potential -----
    225.34775353      2      11.7200000
     32.82318898      2       5.8200000
     30.09345572      2      12.3100000
      5.21848192      2       6.1600000
4     ----- p-f potential -----
    158.70941159      2      10.4200000
     26.44410049      2       5.4500000
     30.09345572      2      12.3100000
      5.21848192      2       6.1600000
4     ----- d-f potential -----
     62.75862572      2       8.8200000
     10.97871947      2       3.8700000
     30.09345572      2      12.3100000
      5.21848192      2       6.1600000
