S   3
1         7.9177440000           0.14014042010165E+01
2         6.8412070000          -0.17975072656312E+01
3         2.9598400000          -0.16225754496571
S   1
1         1.3166643441            .87495110714057
S   1
1         0.56907152172          1.0000000
S   1
1         0.10059695193          1.0000000
S   1
1         0.37071460798E-01      1.0000000
P   4
1         4.1360790000          -0.55183328017626
2         2.9462810000           0.61370533515352
3         1.0792431924           0.64005434538256
4         0.46611217769          0.25958050755066
P   1
1         0.17453169991          1.0000000
P   1
1         0.0410000              1.0000000
D   4
1         6.8847131641          -0.15962387984517E-01
2         2.3837304391           0.23047555828858
3         1.0184384022           0.44075804027937
4         0.39957494644          0.39567661995894
D   1
1         0.13951120264          1.0000000

