RN-ECP GEN    60    3
4     ----- f-ul potential -----
     21.79729000      2       6.34857100
     28.94680500      2       6.29594900
      1.44736500      2       2.88211800
      2.17796400      2       2.90804800
7     ----- s-f potential -----
     49.96555100      2      30.15124200
    283.07000000      2      14.52124100
     62.00287000      2       8.05203800
    -21.79729000      2       6.34857100
    -28.94680500      2       6.29594900
     -1.44736500      2       2.88211800
     -2.17796400      2       2.90804800
8     ----- p-f potential -----
     71.96911900      2      11.00994200
    143.86055900      2       9.61762500
      4.71476100      2       7.33600800
      9.01306500      2       6.40625300
    -21.79729000      2       6.34857100
    -28.94680500      2       6.29594900
     -1.44736500      2       2.88211800
     -2.17796400      2       2.90804800
8     ----- d-f potential -----
     36.36836500      2       8.36922000
     54.55176100      2       8.11697500
      9.63448700      2       5.35365600
     14.38790200      2       5.09721200
    -21.79729000      2       6.34857100
    -28.94680500      2       6.29594900
     -1.44736500      2       2.88211800
     -2.17796400      2       2.90804800
$END
