RU-ECP GEN    28    3
2     ----- f-ul potential -----
    -28.34061627      2      11.3600000
     -4.94462923      2       5.6800000
4     ----- s-f potential -----
    209.82297122      2      11.1052693
     30.65472642      2       5.4147454
     28.34061627      2      11.3600000
      4.94462923      2       5.6800000
4     ----- p-f potential -----
    146.33618228      2       9.7712707
     24.12787723      2       5.0739908
     28.34061627      2      11.3600000
      4.94462923      2       5.6800000
4     ----- d-f potential -----
     67.51589667      2       7.6714231
      9.87010415      2       4.1365647
     28.34061627      2      11.3600000
      4.94462923      2       5.6800000
