S   3
1         4.6687885071           0.29008526793
2         2.9442428420          -0.67740090428
3         0.58171262989          0.45712389487
S   1
1         0.45147933555          1.0000000
S   1
1         0.21604923532          1.0000000
S   1
1         0.32088816526E-01      1.0000000
S   1
1         0.13833878175E-01      1.0000000
P   4
1         5.5234179480           0.51234729472E-01
2         3.4120149646          -0.17337025646
3         0.76899021792          0.43339683188
4         0.33088071786          0.55354332721
P   1
1         0.13423268441          1.0000000
P   1
1         0.20642679613E-01      1.0000000
D   1
1         0.2260000              1.0000000
D   1
1         0.27432280711E-01      1.0000000

