S   3
1         7.9365700000          -1.1772083350
2         5.9842450000           1.6197059592
3         4.8822200000           0.51065807556
S   1
1         1.1031002163           1.0000000
S   1
1         0.49818875261          1.0000000
S   1
1         0.10678711393          1.0000000
S   1
1         0.39191775872E-01      1.0000000
P   4
1         3.7546090000          -0.70777873563
2         2.9165710000           0.74954391484
3         1.0322209568           0.64660609645
4         0.45249553774          0.27029086816
P   1
1         0.16987042198          1.0000000
P   1
1         0.43000000000E-01      1.0000000
D   4
1         5.7341846619          -0.35266111560E-01
2         2.2483686294           0.21802502222
3         0.98376978359          0.44709565013
4         0.40379445583          0.40371732508
D   1
1         0.14978618173          1.0000000

