S   5
1     70078.183999               0.97230218786E-04
2     10598.384001               0.73039917963E-03
3      2413.8659813              0.35241969483E-02
4       677.74958354             0.10873685440E-01
5       208.50729961             0.17823373512E-01
S   1
1        39.361834556            1.0000000
S   1
1        28.000117581            1.0000000
S   1
1        14.359901230            1.0000000
S   1
1         3.6115081437           1.0000000
S   1
1         1.8452436656           1.0000000
S   1
1         0.68755398748          1.0000000
S   1
1         0.30004687876          1.0000000
S   1
1         0.53898522745E-01      1.0000000
S   1
1         0.22400000442E-01      1.0000000
P   5
1       365.65286301            -0.12196898550E-02
2       105.29773949            -0.35909003380E-02
3        24.339551161           -0.75731143696E-01
4        15.293513699            0.24472636999
5         3.2101959346          -0.25984893011
P   3
1         7.1969927288          -0.10977635008
2         4.3944609073          -0.24311410007
3         1.8261131160          -0.18652601986
P   1
1         0.84185848861          1.0000000
P   1
1         0.32255448005          1.0000000
P   1
1         0.87960642073E-01      1.0000000
P   1
1         0.27281849214E-01      1.0000000
D   6
1       388.42259953             0.43263033556E-03
2       117.35866087             0.34657844457E-02
3        41.345650947            0.16632857824E-01
4        20.624528720            0.59004198371E-02
5         7.3511283570           0.26020419031
6         3.8170409168           0.43198572998
D   1
1         1.8416227437           1.0000000
D   1
1         0.78138452236          1.0000000
D   1
1         0.15236207050          1.0000000
F   5
1        74.435310286            0.10265396687E-01
2        29.270586194            0.58266710950E-01
3        14.541852327            0.11504953053
4         7.1263134832           0.24161326015
5         3.0279046743           0.34535019981
F   1
1         1.1641116609           1.0000000
F   1
1         0.38851335321          1.0000000

