SB-ECP GEN    28    3
2     ----- f-ul potential -----
    -15.36680100      2      14.44497800
    -20.29613800      2      14.44929500
4     ----- s-f potential -----
    281.07158100      2      16.33086500
     61.71660400      2       8.55654200
     15.36680100      2      14.44497800
     20.29613800      2      14.44929500
6     ----- p-f potential -----
     67.45738000      2      14.47033700
    134.93350300      2      13.81619400
     14.71634400      2       8.42492400
     29.51851200      2       8.09272800
     15.36680100      2      14.44497800
     20.29613800      2      14.44929500
6     ----- d-f potential -----
     35.44781500      2      14.88633100
     53.14346600      2      15.14631900
      9.17922300      2       5.90826700
     13.24025300      2       5.59432200
     15.36680100      2      14.44497800
     20.29613800      2      14.44929500
