S   6
1     38956.0818040              0.39293205858E-02
2      5849.5733637              0.30093221229E-01
3      1330.8813154              0.14890370950
4       375.55534165             0.51464282906
5       121.87261370             1.0337708070
6        41.760243729            0.77436851627
S   3
1        81.060633953           -0.28318552316
2         9.2059823972           1.6770806984
3         3.7063215732           1.2594733678
S   3
1         5.9888909988          -0.77821367493E-02
2         0.97363432378          0.25499692745E-01
3         0.42041019223          0.16191560820E-01
S   1
1         0.59440551913E-01      1.0000000
S   1
1         0.22897806303E-01      1.0000000
P   5
1       466.31481262             0.19984300385E-01
2       109.51217097             0.14561043072
3        34.375921827            0.54687466223
4        12.142096955            1.0479006012
5         4.4336767669           0.68894890327
P   3
1         2.0971291866           0.75619214724
2         0.80977606956          1.3178212235
3         0.30834046588          0.54312268173
P   1
1         0.0897480              1.0000000
D   4
1        19.240334928            0.27039082144E-01
2         5.1178995899           0.13803684743
3         1.6554278827           0.34869086403
4         0.54016355610          0.48594185717
D   1
1         0.16211214518           .34374449689

