S   6
1    106612.2002700              0.14274889113E-02
2     16007.6047010              0.10943525114E-01
3      3642.1699707              0.54374171596E-01
4      1028.5912993              0.19018092947
5       335.30298888             0.38913021696
6       115.80129154             0.30620207088
S   3
1       222.93325020            -0.11198808009
2        26.726257934            0.64752124207
3        11.124501923            0.44241976651
S   3
1        19.888520061           -0.22857227762
2         3.3668473803           0.73591359951
3         1.5249277839           0.44330199577
S   1
1         0.29630037912          1.0000000
S   1
1         0.11009288974          1.0000000
P   5
1      1455.9068120              0.88203597043E-02
2       343.75101831             0.66875851967E-01
3       109.29554964             0.26640578080
4        39.707711022            0.53834928422
5        14.950185232            0.36303281993
P   3
1         8.0208962094           0.34153807025
2         3.2934649756           0.57257906583
3         1.4058602438           0.25549813222
P   1
1         0.45076123226          1.0000000
P   1
1         0.13353413325          1.0000000
D   4
1        94.494024044            0.23490101098E-01
2        27.188185260            0.13747735767E+00
3         9.5091567352           0.36649929124E+00
4         3.4170516853           0.48750989884E+00
D   1
1         1.1479590083            .27657943383E+00
D   1
1         0.3380000              1.0000000

