S   3
1         9.0884420000          -1.9808918797
2         7.5407310000           2.7554513347
3         2.7940050000           0.22715408381
S   1
1         1.4918135849           1.0000000
S   1
1         0.63579159445          1.0000000
S   1
1         0.10368414161          1.0000000
S   1
1         0.37460004363E-01      1.0000000
P   4
1         4.4512400000          -0.99352103771
2         3.6752630000           1.0500525237
3         1.2610620905           0.64747532537
4         0.54212477498          0.25621550723
P   1
1         0.20221617026          1.0000000
P   1
1         0.0412000              1.0000000
D   4
1         7.7956672292          -0.17042912377E-01
2         2.8926510238           0.23446154803
3         1.2474273203           0.44765877533
4         0.49313817671          0.39064954560
D   1
1         0.17285032603          1.0000000

