SN-ECP GEN    28    3
2     ----- f-ul potential -----
    -12.57633300      2      12.28234800
    -16.59594400      2      12.27215000
4     ----- s-f potential -----
    279.98868200      2      17.42041400
     62.37781000      2       7.63115500
     12.57633300      2      12.28234800
     16.59594400      2      12.27215000
6     ----- p-f potential -----
     66.16252300      2      16.13102400
    132.17439600      2      15.62807700
     16.33941700      2       7.32560800
     32.48895900      2       6.94251900
     12.57633300      2      12.28234800
     16.59594400      2      12.27215000
6     ----- d-f potential -----
     36.38744100      2      15.51497600
     54.50784100      2      15.18816000
      8.69682300      2       5.45602400
     12.84020800      2       5.36310500
     12.57633300      2      12.28234800
     16.59594400      2      12.27215000
