S   3
1         5.9276428767           0.19698765364
2         3.0691274814          -0.64852205985
3         0.70675488028          0.62064729022
S   1
1         0.33824024280          1.0000000
S   1
1         0.61768869200E-01      1.0000000
S   1
1         0.25767593093E-01      1.0000000
P   4
1         2.4324720000          -0.37145059848
2         1.6642340000           0.37856824234
3         0.59455471858          0.59874487803
4         0.26152621998          0.35314019512
P   1
1         0.10258814042          1.0000000
P   1
1         0.33223404030E-01      1.0000000
D   4
1         3.6180810000          -0.75010000000E-02
2         0.99665600000          0.10809800000
3         0.39073500000          0.27854000000
4         0.12277000000          0.47731800000
D   1
1         0.36655000000E-01       .44818300000

