S   2
1        14.400000000            0.99343296745
2        12.000000000           -1.6510077975
S   1
1         5.0701477302           1.0000000
S   1
1         0.86033356487          1.0000000
S   1
1         0.37158938894          1.0000000
S   1
1         0.10745336254          1.0000000
S   1
1         0.39142776556E-01      1.0000000
P   4
1         7.4188720000           0.26979695152
2         5.6984100000          -0.46968874449
3         1.1777211960           0.50905100155
4         0.54478533555          0.52298161137
P   1
1         0.22309270117          1.0000000
P   1
1         0.0431000              1.0000000
D   4
1         3.9738796278          -0.52799310714E-01
2         1.4528884813           0.18558319471
3         0.61042908544          0.42959071631
4         0.24216276510          0.43497228231503E+00
D   1
1         0.87909318337E-01      1.0000000

