TC-ECP GEN    28    3
2     ----- f-ul potential -----
    -26.56244747      2      10.4000000
     -4.58568054      2       5.2000000
4     ----- s-f potential -----
    195.15916591      2      10.4223462
     28.09260333      2       5.0365160
     26.56244747      2      10.4000000
      4.58568054      2       5.2000000
4     ----- p-f potential -----
    135.28456622      2       8.9504494
     21.80650430      2       4.8544394
     26.56244747      2      10.4000000
      4.58568054      2       5.2000000
4     ----- d-f potential -----
     54.32972942      2       6.9456968
     11.15506795      2       3.9705849
     26.56244747      2      10.4000000
      4.58568054      2       5.2000000
