TE-ECP GEN    28    3
2     ----- f-ul potential -----
    -15.74545000      2      15.20616800
    -20.74244800      2      15.20170200
4     ----- s-f potential -----
    281.04584300      2      16.81447300
     61.62065600      2       8.79352600
     15.74545000      2      15.20616800
     20.74244800      2      15.20170200
6     ----- p-f potential -----
     67.44946400      2      14.87780100
    134.90430400      2      14.26973100
     14.68954700      2       8.72443500
     29.41506300      2       8.29151500
     15.74545000      2      15.20616800
     20.74244800      2      15.20170200
6     ----- d-f potential -----
     35.43205700      2      15.20500800
     53.13568700      2      15.22584800
      9.06980200      2       6.07176900
     13.12230400      2       5.80476000
     15.74545000      2      15.20616800
     20.74244800      2      15.20170200
