S   3
1         7.4344020000          -1.1436289973
2         5.5513270000           1.8752000559
3         3.0230860000           0.23952854431
S   1
1         1.0647443990           1.0000000
S   1
1         0.48127808497          1.0000000
S   1
1         0.98299016952E-01      1.0000000
S   1
1         0.36659977936E-01      1.0000000
P   4
1         3.4490050000          -0.72277510434
2         2.6927370000           0.76458962802
3         0.94427370692          0.64533225171
4         0.41348148619          0.27195668811
P   1
1         0.15488152305          1.0000000
P   1
1         0.40300000000E-01      1.0000000
D   4
1         5.0906268699          -0.32176405405E-01
2         2.0156178510           0.21280802536
3         0.88113887240          0.44403309175
4         0.36427094833          0.40796933085
D   1
1         0.13678402297          1.0000000

