S   6
1       396.47954659             0.26307731203E-02
2        21.919773309           -0.13203517066
3        18.061271390            0.36203197834
4         8.1403463241          -0.75591120276
5         2.0705998798           0.79192928400
6         0.97715185085          0.40558342540
S   2
1        11.263563841           -0.15212984183E-01
2         1.6122696062           0.35202140517
S   1
1         0.25095401705          1.0000000
S   1
1         0.97478452576E-01      1.0000000
P   4
1        17.479502221            0.11517799182
2        10.433943171           -0.41205302672
3         1.3623024763           0.78760578076
4         0.59239616258          0.15283299018
P   1
1         2.7961737670           1.0000000
P   1
1         0.29766401026          1.0000000
P   1
1         0.96151090240E-01      1.0000000
D   5
1        50.821835991            0.33763474774E-02
2        18.884095378           -0.35221408938E-02
3         4.2527304630           0.28254216065
4         1.8757557092           0.52039372916
5         0.77069282849          0.32213541689
D   1
1         0.25000000000          1.0000000

