S   5
1     72673.311488               0.14568217710E-03
2     10989.650477               0.11000820502E-02
3      2521.0983866              0.50318124577E-02
4       728.09478097             0.14804769621E-01
5       226.99792207             0.22006765193E-01
S   1
1        45.989671787            1.0000000
S   1
1        30.473312203            1.0000000
S   1
1        15.779661091            1.0000000
S   1
1         4.0279316031           1.0000000
S   1
1         2.0672798743           1.0000000
S   1
1         0.74668603706          1.0000000
S   1
1         0.32664475911          1.0000000
S   1
1         0.56909503951E-01      1.0000000
S   1
1         0.23027800906E-01      1.0000000
P   5
1       357.14642927            -0.30681911840E-02
2        94.399796698           -0.93026341423E-02
3        26.370815933           -0.75877274532E-01
4        16.578452270            0.24450742997
5         3.7299580637          -0.26425700009
P   3
1         8.9783667840          -0.11200751000
2         5.0058387883          -0.24216563999
3         2.0767556864          -0.18561540979
P   1
1         1.0220961420           1.0000000
P   1
1         0.38451203840          1.0000000
P   1
1         0.93403626126E-01      1.0000000
P   1
1         0.29116323886E-01      1.0000000
D   6
1       410.38724477             0.76762885507E-03
2       124.50624931             0.66619108693E-02
3        46.060723795            0.27967960903E-01
4        19.254887385            0.50348234108E-01
5         7.7611676900           0.30159477014
6         3.8319967727           0.44821338012
D   1
1         1.7333839594           1.0000000
D   1
1         0.55146364930          1.0000000
D   1
1         0.15354959261          1.0000000
F   5
1        89.372383646            0.10547996985E-01
2        34.757223207            0.65920614107E-01
3        16.680730120            0.14943112296
4         7.8085811596           0.28130484996
5         3.3636964760           0.35013101004
F   1
1         1.3483161215           1.0000000
F   1
1         0.47311576499          1.0000000

