S   6
1        45.356924655            0.50938157397E-02
2        20.278843336           -0.14805704314
3        14.420612394            0.36768453564
4         6.2161909754          -0.66820394623
5         1.5002511178           0.96232806743
6         0.76330879305          0.33175999361
S   2
1         7.8193195283          -0.18828631537E-01
2         1.3176904042           0.32093431467
S   1
1         0.17643545481          1.0000000
S   1
1         0.65296835238E-01      1.0000000
P   4
1         9.0323058024           0.22738839085
2         7.5356419671          -0.35117975889
3         1.0521421998           0.25690085604
4         0.50303932656          0.84549942764E-01
P   1
1         2.0067660913           1.0000000
P   1
1         0.16675605056          1.0000000
P   1
1         0.48596401464E-01      1.0000000
D   5
1         9.4421940760           0.58250776986E-01
2         7.4410003381          -0.11789199301
3         1.9831617772           0.34232057636
4         0.91671748567          0.47557282350
5         0.39647207885          0.30528029435
D   1
1         0.15500000000          1.0000000

