S   5
1     91965.759228               0.55384355173E-04
2     13821.594353               0.42774408339E-03
3      3143.7521729              0.20204350489E-02
4       882.60127815             0.59394911934E-02
5       261.84789278             0.96767227159E-02
S   1
1        55.446250820            1.0000000
S   1
1        39.701306530            1.0000000
S   1
1        19.614500411            1.0000000
S   1
1         4.8055266289           1.0000000
S   1
1         2.3958621920           1.0000000
S   1
1         0.88600032866          1.0000000
S   1
1         0.38296645746          1.0000000
S   1
1         0.63324394276E-01      1.0000000
S   1
1         0.24839453223E-01      1.0000000
P   5
1       447.74034769            -0.56082759494E-02
2       126.61598061            -0.15740707454E-01
3        42.846030212           -0.35693239643E-01
4        14.620143654            0.23707232643
5         5.3826925329          -0.30606571373
P   3
1        11.997380080           -0.15260477351
2         9.6939488611          -0.20494535360
3         2.0511563109          -0.19277187880
P   1
1         3.5246020273           1.0000000
P   1
1         1.0748212748           1.0000000
P   1
1         0.39017415764          1.0000000
P   1
1         0.86765807946E-01      1.0000000
P   1
1         0.28346699677E-01      1.0000000
D   6
1       463.65232204             0.15381961326E-02
2       140.85622654             0.12431266815E-01
3        53.717359731            0.51098329495E-01
4        22.468683724            0.11279245570
5         8.9380983395           0.29452098133
6         4.3437773168           0.44667107086
D   1
1         1.9183720211           1.0000000
D   1
1         0.54418575030          1.0000000
D   1
1         0.14117024772          1.0000000
F   5
1        96.827799324            0.12757814367E-01
2        40.949653187            0.63002895084E-01
3        19.695397309            0.17586841617
4         8.7315556943           0.30967510651
5         3.6689468471           0.35085352628
F   1
1         1.4459429550           1.0000000
F   1
1         0.50245034801          1.0000000

