S   6
1       375.95156177             0.15224884228E-02
2        23.661818008           -0.16776065030
3        19.946281315            0.33989090393
4         6.8240270454          -0.84441791529
5         1.8771488722           0.92646952846
6         0.82033199226          0.53091094490
S   2
1        10.341549887           -0.90331119154E-02
2         1.3672524155           0.22980877714
S   1
1         0.18314843823          1.0000000
S   1
1         0.69547226146E-01      1.0000000
P   4
1        21.293597748            0.37103218279E-01
2         8.8171842499          -0.32351709661
3         1.2347028371           0.83846760898
4         0.57869142617          0.23294977050
P   1
1         2.5084050284           1.0000000
P   1
1         0.21298577719          1.0000000
P   1
1         0.67364584657E-01      1.0000000
D   5
1        39.693023177            0.39185734275E-02
2        20.852179275           -0.68210073667E-02
3         3.6907832774           0.27938420495
4         1.5849404530           0.52607409874
5         0.62772693365          0.36149465348
D   1
1         0.20500000000          1.0000000

