TL-ECP GEN    60    3
4     ----- f-ul potential -----
     15.82548800      2       5.62639900
     21.10402100      2       5.54895200
      2.91512700      2       2.87494600
      3.89690300      2       2.82145100
6     ----- s-f potential -----
    281.28466300      2      12.16780500
     62.43425100      2       8.29490900
    -15.82548800      2       5.62639900
    -21.10402100      2       5.54895200
     -2.91512700      2       2.87494600
     -3.89690300      2       2.82145100
8     ----- p-f potential -----
      4.63340800      2       7.15149200
      9.34175600      2       5.17286500
     72.29925300      2       9.89107200
    144.55803700      2       9.00339100
    -15.82548800      2       5.62639900
    -21.10402100      2       5.54895200
     -2.91512700      2       2.87494600
     -3.89690300      2       2.82145100
8     ----- d-f potential -----
     35.94303900      2       7.13021800
     53.90959300      2       6.92690600
     10.38193900      2       5.41757000
     15.58382200      2       5.13868100
    -15.82548800      2       5.62639900
    -21.10402100      2       5.54895200
     -2.91512700      2       2.87494600
     -3.89690300      2       2.82145100
