S   2
1        15.000000000           -0.53315505392
2        12.000000000            1.0014141748
S   1
1         5.2610967725           1.0000000
S   1
1         0.92785370307          1.0000000
S   1
1         0.40334458241          1.0000000
S   1
1         0.11585976646          1.0000000
S   1
1         0.41800474073E-01      1.0000000
P   4
1         7.2496570000           0.45857265530
2         6.0848760000          -0.66720686321
3         1.2523777812           0.52090351989
4         0.58569208922          0.51885687511
P   1
1         0.24106964301          1.0000000
P   1
1         0.0403000              1.0000000
D   4
1         4.0131231332          -0.63416491808E-01
2         1.6237452450           0.18452733732
3         0.69187452392          0.44121676843
4         0.27865835325          0.43158409241461E+00
D   1
1         0.10225296446          1.0000000

