XE-ECP GEN    28    3
4     ----- f-ul potential -----
    -23.08929500      2      20.88155700
    -30.07447500      2      20.78344300
     -0.28822700      2       5.25338900
     -0.38692400      2       5.36118800
7     ----- s-f potential -----
     49.99796200      2      40.00518400
    281.01330300      2      17.81221400
     61.53825500      2       9.30415000
     23.08929500      2      20.88155700
     30.07447500      2      20.78344300
      0.28822700      2       5.25338900
      0.38692400      2       5.36118800
8     ----- p-f potential -----
     67.43914200      2      15.70177200
    134.87471100      2      15.25860800
     14.66330000      2       9.29218400
     29.35473000      2       8.55900300
     23.08929500      2      20.88155700
     30.07447500      2      20.78344300
      0.28822700      2       5.25338900
      0.38692400      2       5.36118800
10    ----- d-f potential -----
     35.43690800      2      15.18560000
     53.19577200      2      14.28450000
      9.04623200      2       7.12188900
     13.22368100      2       6.99196300
      0.08485300      2       0.62394600
      0.04415500      2       0.64728400
     23.08929500      2      20.88155700
     30.07447500      2      20.78344300
      0.28822700      2       5.25338900
      0.38692400      2       5.36118800
