S   5
1      6420.2481656              0.25092173886E-03
2       983.54530664             0.16251948178E-02
3       219.43881364             0.46037106451E-02
4        23.012587807           -0.14698707182
5        18.048324490            0.57524870348
S   2
1        11.752550163            0.66038420156
2         6.2390917199           0.38470524721
S   1
1         2.6257211320           1.0000000
S   1
1         1.2905042943           1.0000000
S   1
1         0.36204185060          1.0000000
S   1
1         0.14069888091          1.0000000
P   4
1        13.960683826           -0.50950157807E-01
2         4.0928947097           0.36669211800
3         2.2546815460           0.72619456861
4         1.1546596184           0.35555871740
P   3
1       193.81432545             0.95394802497E-03
2        21.725228086            0.57393353332E-01
3         9.8891605641          -0.27974266640
P   1
1         0.52321923128          1.0000000
P   1
1         0.21945569800          1.0000000
P   1
1         0.86158996836E-01      1.0000000
D   6
1       135.60300038             0.81873543290E-03
2        38.727062692            0.60897654151E-02
3        15.377328089           -0.92782985596E-02
4         5.2602537686           0.22890785589
5         2.6590627424           0.44434407051
6         1.2938205124           0.36029482992
D   1
1         0.58050830139          1.0000000
D   1
1         0.18000000000          1.0000000
F   1
1         2.5000000              1.0000000
F   1
1         0.49652793             1.0000000

