Y-ECP GEN    28    3
2     ----- f-ul potential -----
    -19.12219811      2       6.5842120
     -2.43637543      2       3.2921060
4     ----- s-f potential -----
    135.15384412      2       7.4880494
     15.55244130      2       3.7440247
     19.12219811      2       6.5842120
      2.43637543      2       3.2921060
4     ----- p-f potential -----
     87.78499167      2       6.4453772
     11.56406599      2       3.2226886
     19.12219811      2       6.5842120
      2.43637543      2       3.2921060
4     ----- d-f potential -----
     29.70100072      2       4.6584472
      5.53996847      2       2.3292236
     19.12219811      2       6.5842120
      2.43637543      2       3.2921060
