S   5
1     91989.726027               0.52187005546E-04
2     13799.296585               0.36758170034E-03
3      3096.0050039              0.18368404898E-02
4       869.11012492             0.50840290105E-02
5       250.89341319             0.88606065090E-02
S   1
1        58.413769586            1.0000000
S   1
1        41.782846557            1.0000000
S   1
1        20.259771605            1.0000000
S   1
1         4.9937685493           1.0000000
S   1
1         2.4825729800           1.0000000
S   1
1         0.91759459846          1.0000000
S   1
1         0.38551515024          1.0000000
S   1
1         0.61370083338E-01      1.0000000
S   1
1         0.24997099686E-01      1.0000000
P   5
1       416.86700956            -0.16268481342E-01
2        96.481417683           -0.58162218014E-01
3        40.013959677           -0.42501610663E-01
4        15.610360735            0.23912170549
5         6.0887652359          -0.30582286695
P   3
1         8.3561524307          -0.17001415508
2         7.2255442217          -0.20297754820
3         1.9208084525          -0.19289041127
P   1
1         3.7770764517           1.0000000
P   1
1         1.0545931624           1.0000000
P   1
1         0.37562761990          1.0000000
P   1
1         0.79149270799E-01      1.0000000
P   1
1         0.25355670803E-01      1.0000000
D   6
1       388.96482736             0.25515071675E-02
2       137.49130274             0.14528609874E-01
3        55.792345891            0.60991557322E-01
4        22.571827044            0.14412482464
5         9.0035643474           0.28721178661
6         4.2976890355           0.44545416256
D   1
1         1.8355580546           1.0000000
D   1
1         0.51822929528          1.0000000
D   1
1         0.15172122662          1.0000000
F   5
1       106.01035185             0.99659427222E-02
2        39.247515245            0.73022899562E-01
3        17.204384375            0.19721745080
4         7.3139367742           0.30638718734
5         2.9896508329           0.30385067097
F   1
1         1.1471116131           1.0000000
F   1
1         0.38042267771          1.0000000

