S   3
1         5.1329580000          -1.3864845457
2         4.2401920000           1.9459581166
3         1.2982800000           0.44182603154
S   1
1         0.82904954347          1.0000000
S   1
1         0.34752758911          1.0000000
S   1
1         0.68418878574E-01      1.0000000
S   1
1         0.27323992904E-01      1.0000000
P   4
1         2.7279200000          -0.37249884911871
2         1.9790500000           0.32572065995957
3         0.79980886805          0.50094655502482
4         0.38409397354          0.44385929492812
P   1
1         0.16173582264          1.0000000
P   1
1         0.0300000              1.0000000
D   4
1         3.9030833060          -0.0098209792625124
2         1.1363234302           0.19183629664092
3         0.45617043877          0.40597788538820
4         0.17470950748          0.43861485518224
D   1
1         0.61978796638E-01      1.0000000

