S   3
1         5.8737890000           0.54255558714
2         4.2872700000          -0.95241333244
3         1.4641370000          -0.13703926411
S   1
1         0.83727682345           .88521584390
S   1
1         0.36849806511          1.0000000
S   1
1         0.77806859124E-01      1.0000000
S   1
1         0.30273088330E-01      1.0000000
P   4
1         2.8742240000          -0.46624086918
2         2.1199010000           0.45883133891
3         0.78845821105          0.58853912475
4         0.36332579847          0.35822232244
P   1
1         0.14951762021          1.0000000
P   1
1         0.30000000000E-01      1.0000000
D   4
1         4.2898623878          -0.12212868080E-01
2         1.3615557498           0.19692423520
3         0.56937550689          0.42057831659
4         0.22674948677          0.42757027999
D   1
1         0.83011031631E-01      1.0000000

