ZR-ECP GEN    28    3
2     ----- f-ul potential -----
    -21.09377605      2       7.5400000
     -3.08069427      2       3.7700000
4     ----- s-f potential -----
    150.26759106      2       8.2000000
     18.97621650      2       4.0897278
     21.09377605      2       7.5400000
      3.08069427      2       3.7700000
4     ----- p-f potential -----
     99.62212372      2       7.1100000
     14.16873329      2       3.5967980
     21.09377605      2       7.5400000
      3.08069427      2       3.7700000
4     ----- d-f potential -----
     35.04512355      2       5.3500000
      6.11125948      2       2.4918215
     21.09377605      2       7.5400000
      3.08069427      2       3.7700000
