S   6
  1  13983.1000000              0.00194267       
  2   2098.7500000              0.0148599        
  3    477.7050000              0.0728494        
  4    134.3600000              0.2468300        
  5     42.8709000              0.4872580        
  6     14.5189000              0.3234960        
L   6
  1    239.6680000             -0.00292619             0.00460285       
  2     57.4419000             -0.0374080              0.0331990        
  3     18.2859000             -0.1144870              0.1362820        
  4      6.5991400              0.1156350              0.3304760        
  5      2.4904900              0.6125950              0.4491460        
  6      0.9445400              0.3937990              0.2657040        
L   3
  1      1.2779000             -0.2276060             -0.0175130        
  2      0.3975900              0.00144583             0.2445330        
  3      0.1600950              1.0927900              0.8049340        
L   1
  1      0.0556577              1.0000000              1.0000000        
D   1
  1      0.3250000              1.0000000        

