S   6
  1  28348.3000000              0.00182526       
  2   4257.6200000              0.01396860       
  3    969.8570000              0.06870730       
  4    273.2630000              0.23620400       
  5     87.3695000              0.48221400       
  6     29.6867000              0.34204300       
L   6
  1    575.8910000             -0.00215972             0.00380665       
  2    136.8160000             -0.02907750             0.02923050       
  3     43.8098000             -0.11082700             0.12646700       
  4     16.2094000              0.02769990             0.32351000       
  5      6.4608400              0.57761300             0.45489600       
  6      2.6511400              0.48868800             0.25663000       
L   3
  1      3.8602800             -0.2555920             -0.01591970       
  2      1.4137300              0.0378066              0.32464600       
  3      0.5166460              1.0805600              0.74399000       
L   1
  1      0.1738880              1.0000000              1.0000000        
D   1
  1      0.8500000              1.0000000        

