S   6
  1 100595.5000000              0.0017267500     
  2  15104.8200000              0.0132346200     
  3   3440.8840000              0.0653584800     
  4    970.3961000              0.2278042000     
  5    311.2852000              0.4774525000     
  6    106.6284000              0.3567619000     
L   6
  1   2166.6790000              0.0022717610           0.0038321560     
  2    516.5414000              0.0303347500           0.0302355800     
  3    167.8674000              0.1259057000           0.1328632000     
  4     63.6463800             -0.0066871720           0.3447648000     
  5     26.1367300             -0.6065306000           0.4640368000     
  6     10.8543900             -0.4823144000           0.2064824000     
L   6
  1     95.0698900             -0.0055874230          -0.0068165830     
  2     33.1808700              0.0563250600          -0.0297030300     
  3     14.0677300              0.2625835000           0.0470433500     
  4      6.1532880             -0.1718349000           0.3645042000     
  5      2.7217120             -0.7175645000           0.4945157000     
  6      1.1853340             -0.3184598000           0.2149830000     
L   3
  1      1.6153150              0.2645372000          -0.0257406100     
  2      0.5513300             -0.1952737000           0.3072764000     
  3      0.2227620             -0.9595400000           0.7537368000     
L   1
  1      0.0829230              1.0000000000           1.0000000000     
D   3
  1     50.3022700              0.0814471100     
  2     13.8416600              0.3792908000     
  3      4.3934580              0.7040401000     
D   1
  1      1.3107550              1.0000000        
D   1
  1      0.3277000              1.0000000        

