S   6
  1   2068.8823000              0.0018663        
  2    310.6495700              0.0142515        
  3     70.6830330              0.0695516        
  4     19.8610800              0.2325729        
  5      6.2993048              0.4670787        
  6      2.1270270              0.3634314        
L   3
  1      4.7279710             -0.1303938              0.0745976        
  2      1.1903377             -0.1307889              0.3078467        
  3      0.3594117              1.1309444              0.7434568        
L   1
  1      0.1267512              1.0000000              1.0000000        
D   1
  1      0.6000000              1.0000000        

