S   6
  1  35264.8600000              1.813501E-03     
  2   5295.5030000              1.388493E-02     
  3   1206.0200000              6.836162E-02     
  4    339.6839000              2.356188E-01     
  5    108.6264000              4.820639E-01     
  6     36.9210300              3.429819E-01     
L   6
  1    706.3096000              2.448225E-03           4.020371E-03     
  2    167.8187000              3.241504E-02           3.100601E-02     
  3     53.8255800              1.226219E-01           1.337279E-01     
  4     20.0163800             -4.316965E-02           3.367983E-01     
  5      7.9702790             -6.126995E-01           4.631281E-01     
  6      3.2120590             -4.487540E-01           2.257532E-01     
L   6
  1     14.1951800              1.084500E-02          -1.289621E-02     
  2      4.8808280              2.088333E-01          -1.025198E-02     
  3      2.1603900              3.150338E-02           1.959781E-01     
  4      0.9878990             -5.526518E-01           4.357933E-01     
  5      0.4495170             -5.437997E-01           3.996452E-01     
  6      0.1873870             -6.669342E-02           9.713636E-02     
L   3
  1      1.0322710             -4.439720E-02          -0.4298621        
  2      0.3811710             -3.284563E-01           0.006935829      
  3      0.0651310              1.163010E+00           0.9705933        
L   1
  1      0.0260100              1.000000E+00           1.00000000       
D   1
  1      0.2000000              1.0000000        

