S   6
  1   3047.5249000              0.0018347        
  2    457.3695100              0.0140373        
  3    103.9486900              0.0688426        
  4     29.2101550              0.2321844        
  5      9.2866630              0.4679413        
  6      3.1639270              0.3623120        
L   3
  1      7.8682724             -0.1193324              0.0689991        
  2      1.8812885             -0.1608542              0.3164240        
  3      0.5442493              1.1434564              0.7443083        
L   1
  1      0.1687144              1.0000000              1.0000000        
D   1
  1      0.8000000              1.0000000        

