S   6
  1  25180.1000000              0.0018330        
  2   3780.3500000              0.0140340        
  3    860.4740000              0.0690970        
  4    242.1450000              0.2374520        
  5     77.3349000              0.4830340        
  6     26.2470000              0.3398560        
L   6
  1    491.7650000             -0.0022974              0.0039894        
  2    116.9840000             -0.0307140              0.0303180        
  3     37.4153000             -0.1125280              0.1298800        
  4     13.7834000              0.0450160              0.3279510        
  5      5.4521500              0.5893530              0.4535270        
  6      2.2258800              0.4652060              0.2521540        
L   3
  1      3.1864900             -0.2518300             -0.0142990        
  2      1.1442700              0.0615890              0.3235720        
  3      0.4203770              1.0601800              0.7435070        
L   1
  1      0.1426570              1.0000000              1.0000000        
D   1
  1      0.7500000              1.0000000        

