S   6
  1  51789.8100000              1.776182E-03     
  2   7776.8490000              1.360476E-02     
  3   1771.3850000              6.706925E-02     
  4    499.1588000              2.323104E-01     
  5    159.7982000              4.802410E-01     
  6     54.4702100              3.487653E-01     
L   6
  1   1064.3280000              2.399669E-03           3.986997E-03     
  2    253.2138000              3.194886E-02           3.104662E-02     
  3     81.6092400              1.250868E-01           1.350518E-01     
  4     30.4819300             -3.221866E-02           3.448865E-01     
  5     12.2943900             -6.172284E-01           4.628571E-01     
  6      5.0377220             -4.525936E-01           2.110426E-01     
L   6
  1     41.5629100             -3.454216E-03          -6.722497E-03     
  2     13.6762700              7.218428E-02          -2.806471E-02     
  3      5.8443900              2.544820E-01           5.820028E-02     
  4      2.4716090             -2.934534E-01           3.916988E-01     
  5      1.0283080             -7.385455E-01           5.047823E-01     
  6      0.4072500             -1.947157E-01           1.790290E-01     
L   3
  1      1.5714640              0.05892219            -0.1930100        
  2      0.6055800              0.2976055              0.0960562        
  3      0.0985610             -1.1475060              0.9817609        
L   1
  1      0.0364590              1.000000E+00           1.0000000        
D   3
  1     18.4193000              8.650816E-02     
  2      4.8126610              3.826699E-01     
  3      1.4464470              7.093772E-01     
D   1
  1      0.4004130              1.0000000        
F   1
  1      0.8000000              1.0000000        

