S   6
  1  66148.9900000              1.759787E-03     
  2   9933.0770000              1.348162E-02     
  3   2262.8160000              6.649342E-02     
  4    637.9154000              2.307939E-01     
  5    204.4122000              4.792919E-01     
  6     69.8253800              3.514097E-01     
L   6
  1   1378.8410000              2.376276E-03           3.971488E-03     
  2    328.2694000              3.167450E-02           3.108174E-02     
  3    106.0946000              1.262888E-01           1.357439E-01     
  4     39.8327500             -2.584552E-02           3.476827E-01     
  5     16.1862200             -6.183491E-01           4.626340E-01     
  6      6.6677880             -4.567008E-01           2.051632E-01     
L   6
  1     54.5235500             -3.993004E-03          -7.290772E-03     
  2     18.2978300              7.409663E-02          -2.926027E-02     
  3      7.8673480              2.542000E-01           6.564150E-02     
  4      3.3405340             -2.921657E-01           4.000652E-01     
  5      1.3937560             -7.318703E-01           4.950236E-01     
  6      0.5513260             -2.040784E-01           1.758240E-01     
L   3
  1      2.1519470              0.05379843            -0.2165496        
  2      0.8110630              0.2759971              0.1240488        
  3      0.1210170             -1.1296920              0.9724064        
L   1
  1      0.0430370              1.000000E+00           1.00000000       
D   3
  1     25.5930600              9.004748E-02     
  2      6.8009900              3.931703E-01     
  3      2.0516470              6.976844E-01     
D   1
  1      0.5556710              1.0000000        
F   1
  1      0.8000000              1.0000000        

