S   6
  1  76794.3800000              1.748161E-03     
  2  11530.7000000              1.339602E-02     
  3   2626.5750000              6.610885E-02     
  4    740.4903000              2.298265E-01     
  5    237.3528000              4.787675E-01     
  6     81.1581800              3.530739E-01     
L   6
  1   1610.8140000              2.364055E-03           3.963307E-03     
  2    383.6367000              3.153635E-02           3.110223E-02     
  3    124.1733000              1.269452E-01           1.361350E-01     
  4     46.7467800             -2.262840E-02           3.492914E-01     
  5     19.0656900             -6.192080E-01           4.624780E-01     
  6      7.8715670             -4.585393E-01           2.020102E-01     
L   6
  1     64.4573200             -4.331075E-03          -7.523725E-03     
  2     21.8521200              7.412307E-02          -2.975687E-02     
  3      9.4053430              2.542108E-01           6.849654E-02     
  4      3.9991680             -2.874843E-01           4.027141E-01     
  5      1.6702970             -7.291436E-01           4.908490E-01     
  6      0.6596270             -2.113951E-01           1.759268E-01     
L   3
  1      2.6000880              0.05027577            -0.1702911        
  2      0.9630940              0.2650040              0.09310133       
  3      0.1361610             -1.1201550              0.9814336        
L   1
  1      0.0473320              1.000000E+00           1.00000000       
D   3
  1     30.8534100              9.199905E-02     
  2      8.2649850              3.985021E-01     
  3      2.4953320              6.917897E-01     
D   1
  1      0.6676580              1.0000000        
F   1
  1      0.8000000              1.0000000        

