S   6
  1   7001.7130900              0.0018196169     
  2   1051.3660900              0.0139160796     
  3    239.2856900              0.0684053245     
  4     67.3974453              0.233185760      
  5     21.5199573              0.471267439      
  6      7.40310130             0.356618546      
L   3
  1     20.8479528             -0.108506975            0.0716287243     
  2      4.80830834            -0.146451658            0.3459121030     
  3      1.34406986             1.128688580            0.7224699570     
L   1
  1      0.358151393            1.0000000              1.0000000        
D   1
  1      0.8000000              1.0000000        

