S   6
  1  88284.6100000              0.0017369210     
  2  13256.0600000              0.0133113600     
  3   3019.6490000              0.0657170900     
  4    851.4222000              0.2287932000     
  5    272.9997000              0.4781507000     
  6     93.4259300              0.3549154000     
L   6
  1   1877.6800000              0.0023167330           0.0038961020     
  2    447.4374000              0.0309057000           0.0306613600     
  3    145.1401000              0.1264173000           0.1344509000     
  4     54.8497700             -0.0142971400           0.3470761000     
  5     22.4435100             -0.6132855000           0.4635435000     
  6      9.2866220             -0.4703598000           0.2039435000     
L   6
  1     80.0568100             -0.0050563780          -0.0069478160     
  2     27.5785600              0.0611703700          -0.0293890200     
  3     11.7171700              0.2575692000           0.0537730700     
  4      5.0541130             -0.2150754000           0.3764511000     
  5      2.1725250             -0.7213703000           0.4923913000     
  6      0.9041840             -0.2785244000           0.2073613000     
L   3
  1      1.1124380              0.1970334000          -0.0091518670     
  2      0.3287220             -0.2497645000           0.3111786000     
  3      0.1305520             -0.8749447000           0.7436549000     
L   1
  1      0.0475890              1.0000000000           1.0000000000     
D   3
  1     39.1140600              0.0879004300     
  2     10.6121800              0.3915600000     
  3      3.2730330              0.6956990000     
D   1
  1      0.9156600              1.0000000        
D   1
  1      0.2289000              1.0000000        

