S   6
  1  94281.3200000              0.0017329930     
  2  14156.4200000              0.0132818100     
  3   3224.9350000              0.0655731900     
  4    909.4821000              0.2283712000     
  5    291.7149000              0.4778104000     
  6     99.8907400              0.3557135000     
L   6
  1   2016.6290000              0.0022991860           0.0038726050     
  2    480.6599000              0.0306882300           0.0305121800     
  3    156.0616000              0.1262906000           0.1338971000     
  4     59.0791400             -0.0110540500           0.3462496000     
  5     24.2234600             -0.6103659000           0.4635741000     
  6     10.0441800             -0.4755387000           0.2047879000     
L   6
  1     87.2811200             -0.0053308450          -0.0068939570     
  2     30.2823000              0.0587449500          -0.0295425200     
  3     12.8536700              0.2598349000           0.0504229100     
  4      5.5874370             -0.1926917000           0.3699366000     
  5      2.4384610             -0.7190570000           0.4933147000     
  6      1.0403240             -0.2995181000           0.2116445000     
L   3
  1      1.3449600              0.2338815000          -0.0197680400     
  2      0.4436620             -0.2189617000           0.3028906000     
  3      0.1760820             -0.9242006000           0.7562828000     
L   1
  1      0.0646650              1.0000000000           1.0000000000     
D   3
  1     44.6310500              0.0843103600     
  2     12.2018400              0.3847726000     
  3      3.8234230              0.7003323000     
D   1
  1      1.1088310              1.0000000        
D   1
  1      0.2772000              1.0000000        

