S   6
  1  61132.6200000              1.766111E-03     
  2   9179.3420000              1.353038E-02     
  3   2090.8570000              6.673128E-02     
  4    589.2479000              2.314823E-01     
  5    188.7543000              4.797058E-01     
  6     64.4462900              3.501976E-01     
L   6
  1   1259.9800000              2.438014E-03           4.028019E-03     
  2    299.8761000              3.224048E-02           3.144647E-02     
  3     96.8491700              1.265724E-01           1.368317E-01     
  4     36.3102000             -3.139902E-02           3.487236E-01     
  5     14.7299600             -6.207593E-01           4.617931E-01     
  6      6.0660750             -4.502914E-01           2.043058E-01     
L   6
  1     50.4348500             -3.873256E-03          -7.017128E-03     
  2     16.8392900              7.196598E-02          -2.877660E-02     
  3      7.1920860              2.556591E-01           6.181383E-02     
  4      3.0534200             -2.882837E-01           3.954946E-01     
  5      1.2736430             -7.342822E-01           4.989059E-01     
  6      0.5040910             -2.049353E-01           1.791251E-01     
L   3
  1      1.9503160              0.05694869            -0.4593796        
  2      0.7367210              0.2882915              0.2852139        
  3      0.1141770             -1.1381590              0.9076485        
L   1
  1      0.0411480              1.000000E+00           1.00000000       
D   3
  1     23.1499400              8.876935E-02     
  2      6.1223680              3.896319E-01     
  3      1.8466010              7.014816E-01     
D   1
  1      0.5043610              1.0000000        
F   1
  1      0.8000000              1.0000000        

