S   6
  1 120552.4000000              0.0017140500     
  2  18102.2500000              0.0131380500     
  3   4124.1260000              0.0649000600     
  4   1163.4720000              0.2265185000     
  5    373.4612000              0.4764961000     
  6    128.0897000              0.3591952000     
L   6
  1   2634.6810000              0.0022251110           0.0037619110     
  2    628.4533000              0.0297112200           0.0297753100     
  3    204.7081000              0.1253926000           0.1311878000     
  4     77.9082700              0.0019470580           0.3425019000     
  5     32.1381600             -0.5987388000           0.4644938000     
  6     13.4184500             -0.4958972000           0.2087284000     
L   6
  1    117.5107000             -0.0061576620          -0.0069228550     
  2     41.5255300              0.0546484100          -0.0306923900     
  3     17.6529000              0.2706994000           0.0448026000     
  4      7.8183130             -0.1426136000           0.3636775000     
  5      3.5717750             -0.7216781000           0.4952412000     
  6      1.6237500             -0.3412008000           0.2086340000     
L   3
  1      2.3745600              0.3251184000          -0.0300955400     
  2      0.8691930             -0.2141533000           0.3598893000     
  3      0.3474730             -0.9755083000           0.7103098000     
L   1
  1      0.1264790              1.0000000000           1.0000000000     
D   3
  1     68.5388800              0.0753070500     
  2     19.1433300              0.3673551000     
  3      6.2512130              0.7120146000     
D   1
  1      1.9792360              1.0000000        
D   1
  1      0.4948000              1.0000000        

