S   6
  1    642.4189200              0.0021426        
  2     96.7985150              0.0162089        
  3     22.0911210              0.0773156        
  4      6.2010703              0.2457860        
  5      1.9351177              0.4701890        
  6      0.6367358              0.3454708        
L   3
  1      2.3249184             -0.0350917              0.0089415        
  2      0.6324306             -0.1912328              0.1410095        
  3      0.0790534              1.0839878              0.9453637        
L   1
  1      0.0359620              1.0000000              1.0000000        
D   1
  1      0.2000000              1.0000000        

