S   6
  1  11722.8000000              0.0019778        
  2   1759.9300000              0.0151140        
  3    400.8460000              0.0739110        
  4    112.8070000              0.2491910        
  5     35.9997000              0.4879280        
  6     12.1828000              0.3196620        
L   6
  1    189.1800000             -0.0032372              0.0049281        
  2     45.2119000             -0.0410080              0.0349890        
  3     14.3563000             -0.1126000              0.1407250        
  4      5.1388600              0.1486330              0.3336420        
  5      1.9065200              0.6164970              0.4449400        
  6      0.7058870              0.3648290              0.2692540        
L   3
  1      0.9293400             -0.2122900             -0.0224190        
  2      0.2690350             -0.1079850              0.1922700        
  3      0.1173790              1.1758400              0.8461810        
L   1
  1      0.0421061              1.0000000              1.0000000        
D   1
  1      0.1750000              1.0000000        

