S   6
  1  56347.1400000              1.771580E-03     
  2   8460.9430000              1.357081E-02     
  3   1927.3250000              6.690605E-02     
  4    543.2343000              2.318541E-01     
  5    173.9905000              4.799046E-01     
  6     59.3600500              3.495737E-01     
L   6
  1   1165.4120000              2.388751E-03           3.977318E-03     
  2    277.3276000              3.181708E-02           3.103112E-02     
  3     89.4727800              1.254670E-01           1.351894E-01     
  4     33.4825600             -2.955431E-02           3.457387E-01     
  5     13.5403700             -6.175160E-01           4.629205E-01     
  6      5.5579720             -4.544458E-01           2.090592E-01     
L   6
  1     45.8353200             -3.665856E-03          -6.887578E-03     
  2     15.1877700              7.231971E-02          -2.846816E-02     
  3      6.5007100              2.544486E-01           6.031832E-02     
  4      2.7515830             -2.910380E-01           3.938961E-01     
  5      1.1454040             -7.359860E-01           5.013769E-01     
  6      0.4536870             -1.997617E-01           1.792264E-01     
L   3
  1      1.7579990              0.05628572            -0.5035024        
  2      0.6670220              0.2897491              0.2345011        
  3      0.1051290             -1.1406530              0.9141257        
L   1
  1      0.0384180              1.000000E+00           1.00000000       
D   3
  1     20.9435500              8.672702E-02     
  2      5.5104860              3.841883E-01     
  3      1.6650380              7.069071E-01     
D   1
  1      0.4617330              1.0000000        
F   1
  1      0.8000000              1.0000000        

