S   6
  1   8425.8515300              0.0018843481     
  2   1268.5194000              0.0143368994     
  3    289.6214140              0.0701096233     
  4     81.8590040              0.2373732660     
  5     26.2515079              0.4730071260     
  6      9.09472051             0.3484012410     
L   3
  1     26.5321310             -0.107118287            0.0719095885     
  2      6.10175501            -0.146163821            0.3495133720     
  3      1.69627153             1.127773500            0.7199405120     
L   1
  1      0.44581870             1.0000000              1.0000000        
D   1
  1      0.8000000              1.0000000        

