S   6
  1  71396.3500000              1.753003E-03     
  2  10720.8400000              1.343122E-02     
  3   2442.1290000              6.627041E-02     
  4    688.4265000              2.302508E-01     
  5    220.6153000              4.790186E-01     
  6     75.3937300              3.523444E-01     
L   6
  1   1492.5320000              2.370714E-03           3.967554E-03     
  2    355.4013000              3.160566E-02           3.109479E-02     
  3    114.9534000              1.266335E-01           1.359517E-01     
  4     43.2204300             -2.417037E-02           3.485136E-01     
  5     17.5971000             -6.187775E-01           4.625498E-01     
  6      7.2577650             -4.576770E-01           2.035186E-01     
L   6
  1     59.3526100             -4.162002E-03          -7.421452E-03     
  2     20.0218100              7.425111E-02          -2.953410E-02     
  3      8.6145610              2.541360E-01           6.731852E-02     
  4      3.6605310             -2.903477E-01           4.016660E-01     
  5      1.5281110             -7.302121E-01           4.926623E-01     
  6      0.6040570             -2.076057E-01           1.756893E-01     
L   3
  1      2.3792760              0.05157888            -0.1887663        
  2      0.8858390              0.2707611              0.1015199        
  3      0.1285290             -1.1247700              0.9790906        
L   1
  1      0.0451950              1.000000E+00           1.00000000       
D   3
  1     28.1914700              9.098881E-02     
  2      7.5235840              3.958208E-01     
  3      2.2712280              6.947154E-01     
D   1
  1      0.6116030              1.0000000        
F   1
  1      0.8000000              1.0000000        

