S   6
  1   4173.5110000              0.0018348        
  2    627.4579000              0.0139950        
  3    142.9021000              0.0685870        
  4     40.2343300              0.2322410        
  5     12.8202100              0.4690700        
  6      4.3904370              0.3604550        
L   3
  1     11.6263580             -0.1149610              0.0675800        
  2      2.7162800             -0.1691180              0.3239070        
  3      0.7722180              1.1458520              0.7408950        
L   1
  1      0.2120313              1.0000000              1.0000000        
D   1
  1      0.8000000              1.0000000        

