S   6
  1  19413.3000000              0.0018516        
  2   2909.4200000              0.0142062        
  3    661.3640000              0.0699995        
  4    185.7590000              0.2400790        
  5     59.1943000              0.4847620        
  6     20.0310000              0.3352000        
L   6
  1    339.4780000             -0.00278217             0.00456462       
  2     81.0101000             -0.0360499              0.03369360       
  3     25.8780000             -0.1166310              0.13975500       
  4      9.4522100              0.0968328              0.33936200       
  5      3.6656600              0.6144180              0.45092100       
  6      1.4674600              0.4037980              0.23858600       
L   3
  1      2.1562300             -0.2529230             -0.01776530       
  2      0.7489970              0.0328517              0.27405800       
  3      0.2831450              1.0812500              0.78542100       
L   1
  1      0.0998317              1.0000000              1.00000000       
D   1
  1      0.5500000              1.0000000        

