S   6
  1  31594.4200000              1.828010E-03     
  2   4744.3300000              1.399403E-02     
  3   1080.4190000              6.887129E-02     
  4    304.2338000              2.369760E-01     
  5     97.2458600              4.829040E-01     
  6     33.0249500              3.404795E-01     
L   6
  1    622.7625000             -2.502976E-03           4.094637E-03     
  2    147.8839000             -3.315550E-02           3.145199E-02     
  3     47.3273500             -1.226387E-01           1.351558E-01     
  4     17.5149500              5.353643E-02           3.390500E-01     
  5      6.9227220              6.193860E-01           4.629455E-01     
  6      2.7682770              4.345878E-01           2.242638E-01     
L   6
  1     11.8480200              1.277689E-02          -1.221377E-02     
  2      4.0792110              2.098767E-01          -6.900537E-03     
  3      1.7634810             -3.095274E-03           2.007466E-01     
  4      0.7889270             -5.593884E-01           4.281332E-01     
  5      0.3503870             -5.134760E-01           3.970156E-01     
  6      0.1463440             -6.598035E-02           1.104718E-01     
L   3
  1      0.7168010             -5.237772E-02           0.0316430        
  2      0.2337410             -2.798503E-01          -0.0404616        
  3      0.0386750              1.141547E+00           1.0120290        
L   1
  1      0.0165210              1.000000E+00           1.00000000       
D   1
  1      0.2000000              1.0000000        

