S   6
  1  39088.9800000              1.803263E-03     
  2   5869.7920000              1.380769E-02     
  3   1336.9100000              6.800396E-02     
  4    376.6031000              2.347099E-01     
  5    120.4679000              4.815690E-01     
  6     40.9803200              3.445652E-01     
L   6
  1    786.2852000              2.451863E-03           4.039530E-03     
  2    186.8870000              3.259579E-02           3.122570E-02     
  3     60.0093500              1.238242E-01           1.349833E-01     
  4     22.2588300             -4.359890E-02           3.424793E-01     
  5      8.8851490             -6.177181E-01           4.623113E-01     
  6      3.6092110             -4.432823E-01           2.177524E-01     
L   6
  1     29.8435500             -2.586302E-03          -6.096652E-03     
  2      9.5423830              7.188424E-02          -2.628884E-02     
  3      4.0567900              2.503260E-01           5.091001E-02     
  4      1.7047030             -2.991003E-01           3.798097E-01     
  5      0.7062340             -7.446818E-01           5.170883E-01     
  6      0.2795360             -1.799776E-01           1.829772E-01     
L   3
  1      1.0656090              6.482978E-02          -0.2938440        
  2      0.4259330              3.253756E-01           0.09235323       
  3      0.0763200             -1.170806E+00           0.9847930        
L   1
  1      0.0295940              1.000000E+00           1.00000000       
D   3
  1     11.1470100              8.747672E-02     
  2      2.8210430              3.795635E-01     
  3      0.8196200              7.180393E-01     
D   1
  1      0.2214680              1.0000000        
F   1
  1      0.8000000              1.0000000        

