S   6
  1 107027.3000000              0.0017226460     
  2  16070.7600000              0.0132032400     
  3   3661.2260000              0.0652049400     
  4   1032.6730000              0.2273787000     
  5    331.3339000              0.4771451000     
  6    113.5470000              0.3575553000     
L   6
  1   2313.5400000              0.0022619240           0.0038184090     
  2    551.6849000              0.0301949300           0.0301514500     
  3    179.4401000              0.1258828000           0.1325614000     
  4     68.1304400             -0.0043738090           0.3443419000     
  5     28.0306200             -0.6043277000           0.4639237000     
  6     11.6657200             -0.4861200000           0.2068198000     
L   6
  1    101.5754000             -0.0057526180          -0.0069423890     
  2     35.6154500              0.0567560800          -0.0301444100     
  3     15.1313500              0.2651243000           0.0477641100     
  4      6.6469230             -0.1670582000           0.3663827000     
  5      2.9728050             -0.7188737000           0.4940086000     
  6      1.3167070             -0.3221907000           0.2100109000     
L   3
  1      1.8469910              0.2823156000          -0.0265392000     
  2      0.6471590             -0.2129616000           0.3357291000     
  3      0.2579870             -0.9545384000           0.7301815000     
L   1
  1      0.0941070              1.0000000000           1.0000000000     
D   3
  1     56.1854400              0.0790496300     
  2     15.5480800              0.3746449000     
  3      4.9893940              0.7071645000     
D   1
  1      1.5238440              1.0000000        
D   1
  1      0.3810000              1.0000000        

