S   6
  1  16115.9000000              0.00195948       
  2   2425.5800000              0.01492880       
  3    553.8670000              0.07284780       
  4    156.3400000              0.24613000       
  5     50.0683000              0.48591400       
  6     17.0178000              0.32500200       
L   6
  1    292.7180000             -0.00278094             0.00443826       
  2     69.8731000             -0.03571460             0.03266790       
  3     22.3363000             -0.11498500             0.13472100       
  4      8.1503900              0.09356340             0.32867800       
  5      3.1345800              0.60301700             0.44964000       
  6      1.2254300              0.41895900             0.26137200       
L   3
  1      1.7273800             -0.24463000            -0.01779510       
  2      0.5729220              0.00431572             0.25353900       
  3      0.2221920              1.09818000             0.80066900       
L   1
  1      0.0778369              1.00000000             1.00000000       
D   1
  1      0.4500000              1.0000000        

