S   6
  1   9993.2000000              0.0019377        
  2   1499.8900000              0.0148070        
  3    341.9510000              0.0727060        
  4     94.6797000              0.2526290        
  5     29.7345000              0.4932420        
  6     10.0063000              0.3131690        
L   6
  1    150.9630000             -0.0035421              0.0050017        
  2     35.5878000             -0.0439590              0.0355110        
  3     11.1683000             -0.1097521              0.1428250        
  4      3.9020100              0.1873980              0.3386200        
  5      1.3817700              0.6466990              0.4515790        
  6      0.4663820              0.3060580              0.2732710        
L   3
  1      0.4979660             -0.2485030             -0.0230230        
  2      0.0843530             -0.1317040              0.9503590        
  3      0.0666350              1.2335200              0.0598580        
L   1
  1      0.0259544              1.0000000              1.0000000        
D   1
  1      0.1750000              1.0000000        

