S   6
  1  21917.1000000              0.0018690        
  2   3301.4900000              0.0142300        
  3    754.1460000              0.0696960        
  4    212.7110000              0.2384870        
  5     67.9896000              0.4833070        
  6     23.0515000              0.3380740        
L   6
  1    423.7350000             -0.0023767              0.0040610        
  2    100.7100000             -0.0316930              0.0306810        
  3     32.1599000             -0.1133170              0.1304520        
  4     11.8079000              0.0560900              0.3272050        
  5      4.6311000              0.5922550              0.4528510        
  6      1.8702500              0.4550060              0.2560420        
L   3
  1      2.6158400             -0.2503740             -0.0145110        
  2      0.9221670              0.0669570              0.3102630        
  3      0.3412870              1.0545100              0.7544830        
L   1
  1      0.1171670              1.0000000              1.0000000        
D   1
  1      0.6500000              1.0000000        

