S   6
  1  43152.9500000              1.791872E-03     
  2   6479.5710000              1.372392E-02     
  3   1475.6750000              6.762830E-02     
  4    415.6991000              2.337642E-01     
  5    133.0006000              4.810696E-01     
  6     45.2722200              3.462280E-01     
L   6
  1    874.6826000              2.431008E-03           4.017679E-03     
  2    207.9785000              3.233027E-02           3.113966E-02     
  3     66.8791800              1.242520E-01           1.349077E-01     
  4     24.8734700             -3.903905E-02           3.431672E-01     
  5      9.9684410             -6.171789E-01           4.625760E-01     
  6      4.0638260             -4.473097E-01           2.154603E-01     
L   6
  1     33.6436300             -2.940358E-03          -6.311620E-03     
  2     10.8756500              7.163103E-02          -2.697638E-02     
  3      4.6282250              2.528915E-01           5.316847E-02     
  4      1.9501260             -2.966401E-01           3.845549E-01     
  5      0.8094520             -7.432215E-01           5.127662E-01     
  6      0.3204740             -1.853520E-01           1.811135E-01     
L   3
  1      1.2241480              6.351465E-02          -0.2112070        
  2      0.4842630              3.151404E-01           0.07771998       
  3      0.0840960             -1.162595E+00           0.9898214        
L   1
  1      0.0320360              1.000000E+00           1.00000000       
D   3
  1     13.6908500              8.589418E-02     
  2      3.5131540              3.784671E-01     
  3      1.0404340              7.161239E-01     
D   1
  1      0.2869620              1.0000000        
F   1
  1      0.8000000              1.0000000        

