S   6
  1  47354.3300000              1.784513E-03     
  2   7110.7870000              1.366754E-02     
  3   1619.5910000              6.736122E-02     
  4    456.3379000              2.330552E-01     
  5    146.0606000              4.806316E-01     
  6     49.7579100              3.474802E-01     
L   6
  1    968.1484000              2.410599E-03           3.995005E-03     
  2    230.2821000              3.207243E-02           3.104061E-02     
  3     74.1459100              1.245942E-01           1.347747E-01     
  4     27.6410700             -3.482177E-02           3.437279E-01     
  5     11.1147500             -6.167374E-01           4.628759E-01     
  6      4.5431130             -4.509844E-01           2.135547E-01     
L   6
  1     37.6405000             -3.233199E-03          -6.494056E-03     
  2     12.2823800              7.130744E-02          -2.753453E-02     
  3      5.2333660              2.543820E-01           5.516284E-02     
  4      2.2089500             -2.933887E-01           3.879672E-01     
  5      0.9178800             -7.415695E-01           5.090258E-01     
  6      0.3634120             -1.909410E-01           1.803840E-01     
L   3
  1      1.3927810              6.139703E-02          -0.1891265        
  2      0.5439130              3.061130E-01           0.08005453       
  3      0.0914760             -1.154890E+00           0.9877399        
L   1
  1      0.0343120              1.000000E+00           1.00000000       
D   3
  1     16.0502500              8.599899E-02     
  2      4.1600630              3.802996E-01     
  3      1.2432650              7.127659E-01     
D   1
  1      0.3442770              1.0000000        
F   1
  1      0.8000000              1.0000000        

