S   6
  1  82400.9400000              1.743329E-03     
  2  12372.5500000              1.335966E-02     
  3   2818.3510000              6.594365E-02     
  4    794.5717000              2.294151E-01     
  5    254.7232000              4.785453E-01     
  6     87.1388000              3.537753E-01     
L   6
  1   1732.5690000              2.361459E-03           3.963125E-03     
  2    412.7149000              3.150177E-02           3.113411E-02     
  3    133.6780000              1.272774E-01           1.363931E-01     
  4     50.3858500             -2.145928E-02           3.501266E-01     
  5     20.5835800             -6.197652E-01           4.623179E-01     
  6      8.5059400             -4.590180E-01           2.004995E-01     
L   6
  1     69.3649200             -4.440098E-03          -7.689262E-03     
  2     23.6208200              7.505253E-02          -2.997982E-02     
  3     10.1847100              2.533111E-01           7.082411E-02     
  4      4.3340820             -2.881897E-01           4.046141E-01     
  5      1.8109180             -7.267052E-01           4.882325E-01     
  6      0.7148410             -2.133439E-01           1.751970E-01     
L   3
  1      2.8238420              0.04898543            -0.1586763        
  2      1.0395430              0.2592793              0.08379327       
  3      0.1432640             -1.1157110              0.9840547        
L   1
  1      0.0492960              1.000000E+00           1.00000000       
D   3
  1     33.7076400              9.262648E-02     
  2      9.0611060              4.002980E-01     
  3      2.7383830              6.896608E-01     
D   1
  1      0.7302940              1.0000000        
F   1
  1      0.8000000              1.0000000        

